/*--------------------------------*- C++ -*----------------------------------*\
| =========                 |                                                 |
| \\      /  F ield         | OpenFOAM: The Open Source CFD Toolbox           |
|  \\    /   O peration     | Version:  2206                                  |
|   \\  /    A nd           | Website:  www.openfoam.com                      |
|    \\/     M anipulation  |                                                 |
\*---------------------------------------------------------------------------*/
FoamFile
{
    version     2.0;
    format      ascii;
    arch        "LSB;label=32;scalar=64";
    note        "nPoints:11102  nCells:10821  nFaces:38014  nInternalFaces:16091";
    class       labelList;
    location    "constant/polyMesh";
    object      neighbour;
}
// * * * * * * * * * * * * * * * * * * * * * * * * * * * * * * * * * * * * * //


16091
(
2
10403
10656
42
7894
9893
322
9385
6
238
515
772
6792
10098
1264
5257
7053
236
387
6180
7222
7642
1912
6369
7828
6380
6829
6923
21
5185
6791
15
1373
1378
13
634
1663
82
1890
1770
3128
5831
3240
4158
1928
7383
10755
7419
9829
10355
1899
6475
8629
6362
6581
6681
1117
6969
9879
9144
9415
51
2387
4784
4360
5179
5681
25
1343
1348
3163
3655
1536
9545
28
5855
8058
405
8061
37
2992
10375
3670
4946
7429
33
6537
10715
3949
4322
4877
5459
10751
869
9088
9930
38
2761
3722
44
2849
3550
2969
7148
1657
3330
1524
6259
7061
362
2714
4197
231
3446
6266
6197
9899
46
1282
8397
4025
7043
4690
5125
6727
3556
9627
3071
3461
3957
3736
4639
5496
2315
5149
5729
52
3769
4791
4530
8556
382
4329
57
3213
8957
1852
4609
4829
58
1721
1722
72
8398
9899
1706
9828
5140
8191
3632
6176
6364
61
1849
7594
5753
6258
1879
3137
2754
4215
4567
65
3469
3698
517
1900
2972
3579
5320
68
670
2892
761
70
565
3829
8313
9429
2195
2503
3830
5575
9893
74
3410
7998
4005
4296
76
4029
8461
6981
10386
8211
8831
10708
1272
2751
3204
84
2605
2607
4360
4479
7180
82
1221
1808
1372
668
3006
3051
1322
4883
88
1999
4459
89
3151
4062
131
9086
10712
2906
4043
9051
10334
4970
6556
7003
2022
2193
2998
93
3167
3391
1645
6571
898
1226
4112
4295
7662
7728
875
7999
9170
148
7775
8739
5974
7035
8831
100
536
1093
1047
1367
108
8104
8178
1004
3981
6894
104
692
920
548
1008
989
2444
127
2254
7885
109
1755
2780
3599
8179
1031
1037
1498
8230
8906
2163
6375
7232
113
2474
2563
252
2475
128
2919
8198
121
1104
1111
117
2733
5442
2466
2734
2124
2305
2858
120
2392
2410
307
2394
2477
123
987
3278
1855
1856
125
1004
1824
941
2240
4209
7019
7234
9140
6570
1205
1211
2248
133
6475
8176
10672
10713
1809
4118
6536
3756
3833
142
2923
7178
136
10293
10807
1998
10808
1958
2176
5784
139
548
920
1278
2470
141
1442
2436
2623
3154
4720
8382
179
6258
8332
147
4351
5538
2225
2302
5765
865
3085
3312
1547
5320
1503
7192
160
1886
3183
3016
4506
10747
5460
10721
168
172
5490
158
3430
5482
155
739
1693
1803
157
543
2709
672
1119
5029
7012
162
3482
3483
2676
6003
254
291
1265
2302
4811
164
1024
1890
645
2289
166
3503
3504
5470
7759
168
3021
3970
683
2138
3722
3725
1420
3617
3692
188
189
3236
178
3670
210
4057
4358
175
1844
3927
1355
8591
10083
10658
209
5196
5277
5444
5585
5209
5782
4368
5364
2558
4486
7701
627
1809
3355
228
324
8577
2169
2669
6638
187
3937
5271
1443
2172
3033
310
4228
1961
1970
195
3378
191
1798
2253
1299
194
2173
4093
3491
4042
4183
1971
5066
211
1253
3799
198
1158
1230
536
1107
2712
3970
5320
206
2601
4315
202
1163
1460
1228
2980
3937
4224
205
3516
3610
3611
4369
1388
4126
210
3518
5503
217
2108
3781
6249
5507
1450
2319
213
6940
9879
10687
215
858
2003
319
217
1296
1297
220
941
1004
2101
2949
3347
381
2216
222
3906
3907
5126
10120
225
4113
4353
230
3231
5951
1485
2047
227
4481
4518
4445
7386
6035
6264
1088
2788
3389
5129
5953
4945
4998
4657
4866
5067
2309
2861
5587
8540
9008
9262
237
2309
2965
1203
2315
2757
1101
2767
268
365
2471
241
3200
3315
1834
3201
243
2709
3143
698
2710
6962
8187
9291
248
3569
5594
347
5876
5896
253
7884
8336
4607
5704
251
1102
1472
252
533
3088
1274
1460
3089
7900
10406
6158
10696
942
1603
10402
398
3030
4738
259
1044
2769
288
2287
8959
2945
3323
279
5520
9560
262
1371
2800
1118
7319
2997
4690
5473
265
728
2848
3314
3591
270
834
3089
275
5937
8571
269
920
924
1133
1313
3088
273
3177
6131
274
2507
3372
888
3073
2468
3371
5858
6095
280
576
5513
869
1006
4830
641
3232
4600
737
9561
5512
5738
284
4311
6043
283
3340
3801
2668
4075
2258
4309
286
3572
4221
3545
6392
484
835
7484
4781
8547
1195
3002
4115
295
1017
1359
10634
10670
293
4927
4928
1409
4932
319
4441
7887
2721
3260
9239
10243
10787
302
1314
5635
299
2839
3147
2840
3149
301
3188
3371
3372
3384
4779
6261
304
4744
5398
966
4765
308
1857
4647
307
2411
2689
2690
4609
4648
315
5623
6012
2836
3801
312
4133
5909
411
4134
3633
4133
6176
1909
2555
2894
5625
6263
323
5878
6922
318
2747
5131
4563
6184
4980
821
4915
5773
5053
5548
6296
1848
4820
5879
7559
333
344
2774
4035
4743
6035
8403
8577
4035
4742
5286
1721
5939
8192
3579
4447
6089
6558
7865
9558
5008
6440
10244
383
4968
5803
1828
5877
3066
6095
6207
5060
6107
6658
339
5891
5893
7546
10407
10668
3838
5180
6631
4681
7662
341
4684
6185
5925
6187
343
3229
4521
3736
5424
7875
8636
2474
3317
3883
472
2247
3219
1660
7912
3635
3817
4266
4575
5111
5652
356
5184
7629
352
2719
3359
2723
3357
355
5705
6187
357
582
8115
5538
6185
4391
9402
5211
8837
3345
5926
7583
5032
6956
8161
1154
2826
5994
363
1249
3078
971
3905
5414
1442
2172
3155
924
6740
7170
9876
395
7546
9715
369
2598
3347
2103
3242
371
6269
6367
884
5779
373
6304
6677
2920
5595
375
4495
5851
5856
7322
6995
7700
7702
383
7194
9716
3599
8104
8730
384
3675
4903
2383
4063
5725
2061
2232
1116
5957
2359
4904
5312
392
5630
7536
1341
1426
4037
923
389
5821
7511
5515
5815
391
4723
5079
3545
4221
7848
7981
394
2475
3314
2474
3822
9883
10668
6640
8266
10605
6994
7129
7340
3593
8206
406
1178
10814
1253
6625
9253
5197
5794
7288
2106
2197
2280
1972
7021
7100
4427
8797
10526
4852
7545
10466
10813
410
2075
5834
409
5107
5977
5109
6822
6042
6247
3939
4619
4289
6319
10201
932
2378
2786
9513
9918
10746
4272
4778
9805
975
2281
3310
418
5507
5665
5503
5661
420
6243
9914
7622
7702
422
6038
6039
3638
5812
511
1158
2967
5239
5443
428
4657
6367
2514
2815
3186
1683
1893
2752
4866
6821
434
6368
6370
451
5582
6011
437
4660
6849
619
732
4449
1770
4417
5768
6747
8276
6160
6303
7915
439
6615
7833
6540
10152
1939
3067
6093
6616
6739
1951
4753
6332
447
804
4411
443
2736
3054
633
2737
445
2680
4416
2678
448
6473
6475
2315
2758
2676
7349
4823
6554
6751
4832
5037
5971
8698
8832
2210
5325
8589
454
1357
6873
10210
10450
2541
3680
4678
4869
5485
8308
2493
5095
6980
2206
5006
5649
2230
4801
7488
3285
3975
5351
7076
7091
10714
465
4270
7093
464
3000
3554
3001
9714
10492
471
4058
5191
553
1246
469
7104
7111
7326
8765
547
8136
9524
2312
6075
704
1205
474
4805
5432
817
5429
501
4343
8462
1126
1232
2738
2845
5592
9179
479
1230
1585
1223
2727
3016
9440
9694
930
3035
3283
487
2648
6163
484
5598
6231
6881
2468
3239
6179
494
524
5642
6164
6639
1123
4959
5388
4098
5820
6372
491
5203
5728
2903
5665
3122
3835
5236
498
5204
5280
9340
9686
497
5143
5425
499
6882
6883
1294
2784
5501
7106
3240
5301
506
3043
7045
6623
9397
503
2961
3052
2962
3045
6911
9948
10205
603
1217
8598
8899
514
1626
6584
1098
1111
3109
510
516
2962
2864
2961
512
536
1047
518
7143
7421
6088
7243
923
1090
4877
6559
4746
5225
3487
5590
1438
2105
2123
521
4707
5892
4706
5889
2348
2399
4979
526
1627
7285
5582
7582
611
1839
4519
2349
7407
538
8754
9091
529
2396
4655
4281
5653
1271
2077
2715
535
1467
3402
1461
1880
1949
534
3223
1712
2563
6272
7458
3050
5622
6175
8794
9093
540
6950
10205
3319
2274
2752
619
4452
7751
2174
2879
652
1229
546
651
1227
592
689
8143
8616
549
593
1279
2320
8773
8892
1814
3536
7689
1033
1508
2694
554
1058
661
559
7611
7612
4830
8987
9400
558
1269
2711
976
1832
2265
4329
561
5603
7628
2929
4470
564
893
2983
1128
3051
3059
4410
568
5963
1854
1985
2448
6048
6301
8102
5171
9431
570
4902
9416
1538
8344
572
4906
9255
4900
5903
2801
2824
3113
576
1242
4857
577
4438
8651
6636
902
9007
581
1707
1709
1130
3270
3509
590
3411
10165
1729
9089
7541
10671
6317
6546
7303
585
5470
6125
3504
3895
587
7148
7149
4738
5669
589
5005
7030
4985
6043
9273
10183
3795
6140
6599
593
1162
1009
596
2317
8276
641
3108
3326
8277
9405
600
4689
8200
1415
1595
7083
2804
2985
8801
4966
8199
602
4736
6021
1095
3127
604
1145
699
5956
7078
7085
607
5223
5698
5221
5703
614
4835
5160
610
2840
4161
2753
2839
9174
3070
8522
9721
717
3296
3353
4824
4839
768
2766
3475
617
2644
2828
2827
3257
4704
5604
5925
10444
4286
6981
8569
1439
2814
6171
623
4375
5166
3957
4376
625
4693
5541
4697
5303
638
7497
8001
1448
6542
629
2150
3417
2533
3415
631
2688
2837
2835
2937
633
3080
3257
3258
635
2289
5270
637
2078
3205
2355
3214
4160
7351
643
3834
9561
641
642
3737
3325
3367
8709
10310
659
9421
9426
1025
647
2609
3099
730
3097
677
7352
9753
735
2297
651
656
1224
654
653
656
742
655
2018
689
786
2189
660
1165
2294
660
666
2306
7347
9428
1159
662
665
751
664
750
1055
695
792
749
1059
2200
2297
696
708
1073
1125
2014
670
925
2310
676
8797
10139
673
803
3143
675
765
1051
3407
4427
10189
2852
8545
1566
7425
9154
759
9257
10225
4633
8016
10028
4855
9149
9422
724
1508
2097
1544
5585
685
1755
2644
686
3255
1390
2780
690
2087
3771
691
693
697
1009
700
1856
4635
9938
709
1133
694
2509
1803
2664
696
1186
757
698
3142
4987
714
2460
2020
2054
702
2646
2737
1668
2736
708
1186
2615
705
2613
708
2269
707
718
1237
767
2768
710
789
1008
2262
715
2087
6098
713
795
1144
756
838
794
1146
1872
2088
737
6011
7582
722
940
719
1016
767
2150
722
7098
7477
725
7155
7691
2620
730
856
2608
2044
2099
1067
3136
1523
2120
4351
733
4845
5146
729
3773
3772
5350
1369
953
3226
3606
10031
10437
4995
5147
3637
4345
6254
1831
2691
844
1464
8265
6434
784
2395
2929
2274
741
1756
2807
3252
7432
1767
2434
747
5052
7616
1656
2518
2744
786
2589
3041
3332
3775
4379
7775
8546
753
1021
5675
750
2515
6903
752
2517
3365
2435
5677
755
2560
2575
2178
2239
757
1072
6510
2605
5465
5813
7765
10221
762
3180
9874
2466
5446
3642
5996
2067
4991
8824
1265
6013
9524
1364
3363
1557
9843
9956
768
785
770
4675
5979
800
4676
4055
5413
5596
4606
7658
2605
5467
6052
776
7013
7751
777
3095
5294
4452
10263
3094
5293
780
5815
6065
1964
3044
4044
5821
6066
791
5001
5295
2103
3083
3269
798
799
1438
785
1190
2534
787
1010
2145
790
3097
3740
2917
3397
2630
3099
1034
6137
4599
6513
903
904
944
795
2687
810
800
805
5978
2461
5748
1958
2529
2176
855
804
3128
5729
805
3466
5777
1804
1770
806
5230
5830
808
4688
5491
4683
5477
812
3684
9863
811
2837
838
3224
8121
9865
814
5044
5153
5042
5578
824
6360
7828
817
4807
5217
5218
819
5343
5602
5429
5601
821
5059
5509
5063
823
5183
6219
4494
4670
4061
4138
854
2116
4254
4906
5281
7064
833
5947
9605
1370
7226
7673
870
3594
9393
831
3083
3480
3082
4270
6879
9714
1543
7676
836
4380
837
3250
2820
3773
5341
7641
8183
840
4900
5477
4906
5491
848
1775
5946
843
4806
5889
5225
5892
8020
8141
1280
2167
3492
847
4620
5359
2937
9387
1706
8957
855
4741
5230
852
2599
2748
1373
2624
4151
2107
2745
871
3002
3163
2609
2610
6021
2381
2638
858
861
1570
4441
860
3303
3841
3200
3245
1120
1929
2724
4758
10125
864
5023
5601
1057
5602
3269
3567
1401
1811
3260
885
7854
8108
1430
2693
5514
10004
5108
7238
1219
1348
2700
6635
6835
874
5068
5218
2371
5217
1887
5722
882
7574
9997
8875
9249
10801
879
5275
5617
5273
5619
881
3982
6840
3585
4341
8144
9999
1075
10529
10812
2903
5728
4163
9930
4672
5391
10098
888
2805
3361
3360
890
2631
3409
2629
3413
892
5113
5835
2098
5705
1458
1949
895
901
2591
2592
2625
901
2403
3851
4814
4832
5973
899
2675
900
1430
3150
4113
5033
6487
8794
9074
10718
916
10467
906
5472
5581
5551
5602
910
4625
4632
909
914
3280
3279
4629
914
1907
912
5063
6172
4050
5059
4953
5660
6789
2212
6156
8846
9041
10466
10720
1601
5142
7525
919
2229
5101
5389
9297
926
1173
4893
7820
8052
9150
6365
925
936
6746
1041
8396
8601
2733
3983
4472
2020
2786
3117
6084
6812
934
1501
4996
933
4207
2020
3766
942
8996
936
4899
5265
5789
941
945
2232
939
2718
2801
2717
2802
2405
3292
943
2790
2886
978
10381
2192
8367
2217
5389
5885
3788
9841
9842
1789
3695
3995
953
1789
2715
962
5891
9699
2502
3131
3731
2630
2670
3741
963
956
4706
5233
2807
3671
4020
4707
5234
958
2407
4437
2427
9725
960
2606
2869
2870
3857
2674
2960
3039
6691
9916
2077
2080
1269
3316
3381
966
4683
5394
4688
969
4769
5047
2809
3514
4491
1411
1476
974
4101
7159
982
6597
973
5147
5210
5073
5146
2175
6546
1821
2129
5539
6742
982
1375
4344
9073
10382
2995
4209
4787
2533
4470
6002
983
6262
9589
4203
8145
10788
993
7352
7539
986
988
2055
2188
2232
988
2126
1871
990
1099
991
1471
2283
2377
4205
8082
9848
1795
9830
10447
2064
2088
2527
1023
9288
10666
6280
6787
6842
999
1708
7536
6637
7981
1001
2528
2803
2530
2804
1003
4801
5168
2233
5172
1006
4902
8987
8574
1011
5163
6164
1010
1010
5162
6163
1013
5115
6123
5116
6136
1015
3260
3356
1810
3355
1834
3417
2298
2617
1019
4941
5182
1391
4942
1022
7031
7598
2884
3510
7033
7597
7295
7298
1025
2158
1994
1178
5311
10774
3311
8377
9015
1030
6357
7791
2995
4014
4800
6875
7794
2702
5329
1034
5003
6194
1037
2044
5537
1036
5281
6136
6123
8493
1096
1039
5423
5744
4688
5740
4216
9467
10697
7180
8718
1043
9540
9541
9578
9594
1049
1277
5119
5667
6653
1057
5024
6401
1051
1049
1269
1832
2448
1052
3962
10715
8231
10707
1061
4268
9806
1056
3611
4558
1059
1186
3271
4147
5550
1059
1244
1064
4954
6399
1361
6320
1965
4045
1731
2258
5687
1168
4951
1068
5234
6041
1067
3317
7162
3887
1338
5233
1079
4824
5833
3661
3915
7075
1179
2652
2977
1073
1144
2267
1324
2666
3973
3433
2673
3167
3976
1174
2149
1758
5090
5896
4835
5835
1654
4107
5219
1086
6823
8642
2462
2638
2708
1094
3282
3972
1085
1470
8337
7847
9115
5235
6822
1096
1389
2780
1096
2694
1514
2501
1237
2767
1105
9160
9326
3659
5778
7010
1107
2059
1095
6023
5831
1098
1103
2904
2457
1100
1203
1101
2446
1106
1139
1278
1104
2896
9155
9327
1112
2766
1585
1109
5659
5975
5660
6121
1761
2024
2464
2445
3472
1114
5619
6928
5456
5617
1121
9008
9950
1118
5756
8031
3426
2174
2003
2114
6632
10742
1134
4834
5875
1135
8662
1142
8727
8907
1126
1128
1185
1128
1233
1148
7158
8388
2603
2884
1132
1134
5102
5074
6125
2310
1138
1225
6857
1137
3224
8174
1140
4583
4814
5077
1141
2038
1169
4096
2473
8636
8754
4969
4985
7031
1146
1146
1215
4048
6951
8898
5829
7162
3254
9934
10394
1152
1452
4397
1153
5726
6168
7734
3683
6169
1155
9913
5988
7323
1187
6827
8166
4048
5654
9347
1459
1160
3474
1161
1165
2056
1163
1274
1227
1169
4274
10479
3178
4792
5384
1168
6165
6220
1214
1216
1418
5070
5709
1172
5428
7447
1317
8216
2557
8415
1175
1220
1176
1223
1232
2727
1559
6181
8640
10720
1354
6076
1181
2910
3265
2915
3264
1183
2429
2745
2435
2748
1185
2014
2162
6716
4599
6901
1189
1191
5385
5231
5377
2306
3473
1192
4754
4752
5232
1194
1201
4783
5880
7079
1219
1226
3527
5797
9574
6477
8972
10515
2282
2863
6805
1200
1201
6053
1362
1385
1204
1216
4275
5555
1471
4721
5731
2222
1262
6663
9749
1344
1469
2147
1214
6245
10235
1210
1223
2147
1230
1240
1212
1213
2221
1217
1489
1217
2268
4583
1221
1962
5007
5536
1234
2602
1239
2161
5316
1227
1229
1231
5418
3259
1229
5388
5779
1233
1234
2584
4196
1237
1833
6361
1259
3020
5631
1241
3181
1459
1469
2047
4656
1243
1250
1255
6167
1246
2615
1246
2876
5735
6361
1249
1356
4346
3607
5967
1252
2567
5750
1319
4726
2277
2845
9055
9177
3606
7457
1257
4967
7965
3903
6323
1260
5826
6320
1270
4205
1362
7448
3499
5827
7261
10254
10653
1268
3140
9803
6059
7780
10457
1267
5339
8878
8149
8877
9886
2281
4587
3739
4667
1288
3206
1281
5255
6458
1279
1276
2280
2915
2107
2910
2447
2945
1279
1726
1419
5256
1284
8373
1662
5407
6815
10512
10513
1753
3985
7946
1287
1561
6134
4744
6181
1289
5885
2846
6050
1291
1293
5627
4982
5626
2093
2893
4896
1294
5144
4983
1301
2822
10076
1298
1402
1299
1299
6895
1963
2255
4022
3856
10483
1341
1351
5770
3837
7355
8481
1305
1306
3190
2256
2881
1308
2032
1309
7675
8394
2128
2251
3908
6478
1312
2988
3057
1315
2756
4037
3519
4108
1327
3079
5099
6204
1336
2634
1317
5427
5690
5693
1319
2573
8639
6181
1324
5514
9410
4670
5758
9446
1323
6170
5994
6052
9442
4385
6074
6398
2677
2827
3080
2684
4378
1332
7181
7716
1907
3096
4017
1331
3135
3438
2301
3141
5923
6145
1334
7182
7718
6178
7513
1340
5484
10470
1427
2792
1338
6042
6530
6134
2243
7217
8969
1341
5643
1352
7103
9113
1347
3656
1349
2933
3253
3979
2799
3322
5172
4396
7971
5481
2149
1496
4216
10105
9013
10465
6138
9114
1365
1370
8068
4119
6277
1356
4523
8355
9869
1477
4607
6928
1400
2300
5798
7304
7911
1362
6051
1365
5104
7228
1367
2936
9260
1367
2028
2059
1369
2638
3133
3132
8067
1372
1663
3322
3743
4848
5544
6348
1382
6597
3105
4821
7502
8757
8811
10499
6883
6966
4320
8787
1381
5172
9659
1383
2602
1388
6692
5007
9772
1385
4721
7634
7453
1391
5180
8309
1389
2436
2788
2593
1390
1778
8899
1393
8049
8669
3419
8668
1403
4612
7325
1399
4992
6483
1425
1947
3277
1398
8773
10421
3778
4249
5938
10523
1401
4079
4056
2112
8655
9780
10610
1407
2265
7611
3369
3914
7077
1412
9634
10003
1408
9342
8459
10473
2772
3922
1411
4767
10571
5213
9632
10363
1429
9534
10010
1415
8418
9115
5018
1417
7978
9087
7979
9077
4071
6635
5349
7088
1428
4139
1428
3212
3216
3236
7154
9223
6801
9537
9701
5739
7890
8962
3926
1427
5770
4961
5587
10056
10121
1431
1454
5412
1882
7618
8887
6870
7868
9987
1435
8849
8942
1689
2844
1456
7780
10173
1440
7954
8699
5935
1596
4854
1537
2565
9439
1443
2788
1445
5468
7559
5462
5731
1447
2462
3355
2713
3356
2381
3399
1581
7131
7991
4856
8912
1453
3390
3402
6404
8779
6594
7047
3150
4656
1818
2525
6218
4462
7778
1462
1756
4190
1461
1463
4187
1463
2807
3059
1537
1641
5455
5942
7595
3828
7355
8272
7048
8389
1470
1473
7213
8541
2037
1483
7214
1476
5045
7545
3350
4271
8789
8061
3569
4006
1491
7732
7746
6946
8130
9228
5840
8435
8637
1482
5547
6532
6009
8619
8337
1486
7990
9400
2279
3181
4830
9539
1490
8307
9384
1489
1600
7244
6040
1704
8309
7745
8588
2559
3748
6216
1500
3721
10323
1495
1602
5703
5698
5851
10119
10460
1498
6612
8759
4278
3055
4027
5830
3718
10324
1506
3228
3390
7000
9378
3408
4712
1505
1792
1896
2900
7885
2955
6877
1509
7467
10327
1513
4796
10328
1511
9117
9327
9116
9326
1516
7125
7979
1514
2696
1515
2097
7127
7978
2681
3745
1520
6004
8709
2861
3204
3629
8711
9246
1548
6517
9475
1524
5916
8353
1529
1547
10681
7949
8615
9173
1527
8641
9054
8642
9379
1543
4337
7672
5583
7267
4288
7924
8759
4917
5614
7356
1533
8405
8751
1649
2210
4749
9648
10019
4195
10065
10460
4177
7895
2486
6054
9742
2844
7362
9363
1541
8358
9209
4840
9202
1933
6592
7069
10723
1547
3970
5449
9950
10417
6756
7170
10109
1549
10280
3936
10799
1551
8239
8873
6314
8876
1556
5881
7198
1554
2435
4376
2429
3961
1620
7816
10730
10287
10658
5743
7071
1559
4989
6486
1561
5953
7210
10655
6530
1563
2491
8234
1574
2364
1575
8521
9471
3664
4930
8685
1567
8615
1613
9271
1569
8989
9077
8984
9087
1572
3750
1573
7980
9155
1935
2864
7967
9160
9417
9511
5956
9472
1578
5533
6357
1588
1609
6352
5611
10495
2322
4122
7472
3450
6955
7686
3742
4109
1584
4929
6410
1587
8113
10336
4894
4924
1586
2058
6715
2574
10333
6351
9567
1590
1594
8079
6564
8713
1597
8227
9592
1595
1983
7835
5363
9050
1596
5855
8799
8715
6384
9023
1609
1653
6016
1600
6088
10234
10235
1603
3644
5545
5758
3645
8900
10474
10503
1606
4435
8029
5636
8030
7072
8345
10073
1628
1912
9122
7555
8344
8637
9740
1613
8609
9231
3290
4465
5801
1889
1615
1620
6785
4866
5791
1617
7306
7805
7309
7808
1619
8496
9357
8497
9254
2573
1622
4808
5678
3975
5808
1624
5141
6150
5140
6149
1626
6088
9580
1627
7405
4415
6369
1974
7357
7376
1654
2923
5205
2438
2507
3519
1641
3318
6834
1634
8053
8845
2426
8055
1638
7935
8021
1637
7814
9801
5524
6880
2424
3220
1640
7967
8559
7980
8557
8141
1650
5883
5884
4438
9007
9215
1650
6152
9237
3380
6941
1647
8447
9093
7967
9091
1654
1727
7358
2773
8964
8439
3805
6913
8192
1667
1843
5795
9570
9574
1680
3832
4750
1659
4489
3724
4734
2002
7739
9689
1661
3139
1662
8269
2520
2786
5090
5268
1680
8561
10308
6474
7675
8357
1678
5785
9902
5447
8127
1676
6684
3880
5167
8201
1679
1682
7754
1672
8966
9110
1866
9111
1677
8393
9349
1675
2054
2237
2521
4629
1712
3223
8395
9343
4966
6382
5487
7630
8958
2764
6328
8394
1690
8863
1684
2274
1693
4649
1687
10208
10318
5662
6315
9339
6843
10204
1689
6315
8847
9363
5923
7625
4202
7578
9125
1698
3946
10745
2664
1697
3321
3746
2177
7097
8587
1720
3643
4654
1699
2063
1710
6645
1700
2863
3747
6809
1702
8467
8671
5025
8676
1704
8408
9381
8414
7388
8457
9175
4409
1708
5860
7552
2958
5848
8290
8625
1719
2259
2561
6445
1714
8347
8746
2263
3808
1716
8683
8705
2186
3859
2156
7392
9044
2339
5819
6372
3449
5293
5894
10679
5158
5546
6348
1724
8716
9195
7671
9378
1727
8380
9127
2168
4033
4124
1729
7552
8736
8743
1731
1748
4309
4025
1758
7095
8340
3656
4394
7353
4231
4386
4680
6943
7369
1752
8427
9958
1748
3502
7043
1742
1822
3310
1740
7943
8093
7941
8095
1743
6851
8139
1747
2624
1746
4909
1745
8414
8598
8408
8599
1751
6482
3003
5358
1750
3397
5781
1860
4475
5279
7106
8425
9972
3987
5016
7998
10250
10566
2701
1760
3811
8007
8757
8044
1837
10155
10512
3253
6825
1762
3655
6201
1764
9202
9256
3810
9209
4907
7765
8574
1768
5140
5221
5998
5141
5223
1776
3119
3122
2078
2355
3533
2497
3944
4276
6973
6984
7103
5922
8201
10457
1976
9605
1777
4099
4874
5152
1780
2431
1780
2737
3273
3258
1782
1786
2656
1783
6235
3065
3267
1791
2612
9256
1940
9147
9201
3063
3189
1790
8357
8622
1789
3607
5380
6480
8621
1794
8334
1793
1798
2901
3712
9312
10206
1797
1799
4269
5100
7421
8401
9855
6897
4153
6707
1801
1802
8606
1955
3827
1812
6127
1804
2509
1829
3608
7518
1808
1962
2161
1813
3168
3537
1890
1810
1811
4354
3305
9478
1814
5926
5013
1817
3423
3513
1820
8454
9030
1819
6073
1819
4466
2041
8455
9031
1822
2703
4151
1825
7790
8088
2225
3482
1930
8101
1827
8219
9116
8215
9117
7876
9433
7463
1835
1836
2625
5091
2769
1834
5733
3763
9587
5033
5452
10081
10513
5990
8327
9343
6359
4498
7922
9484
1848
5844
7165
2823
7531
8942
1850
7242
4243
1945
8938
10237
1847
7995
8541
4367
7996
5341
7484
1851
4302
1876
10410
1857
1885
1854
2197
10689
2447
1871
2087
2237
1886
1859
7309
8155
2264
7306
1861
2917
2488
4619
1863
7727
8384
8385
8588
1867
3307
3844
1866
8813
8965
4882
1869
3308
1870
8248
8653
3549
6403
8656
1872
2060
2518
4632
6620
1875
7849
7983
5804
7848
5795
10409
8009
9076
10688
1882
2187
8992
2021
3329
1881
1884
2305
6292
7263
1884
2104
1952
2785
3245
3794
1888
1891
4935
5869
2398
8296
1893
4651
1901
5965
7950
5058
1900
6100
6105
1897
7808
8464
2253
2254
7805
8465
1901
6836
10318
3010
8186
5612
10168
1904
8120
8504
1912
1918
2409
4068
9426
1909
1910
3891
1908
7924
8780
4623
3032
4288
7703
1911
3388
5999
7701
1914
7878
8095
7877
8093
1916
8287
8514
8515
9373
1918
9119
10171
10482
1920
8196
8733
8195
8731
1922
8444
8984
8445
8989
1924
8375
9328
8095
8376
1926
7962
8111
2367
3707
1930
7789
8339
4621
7451
1934
2115
9231
4911
6409
7803
1940
5736
5759
8753
9259
1935
2437
2961
1986
9607
10674
1938
3810
4192
8644
9256
1951
5336
7969
1947
2119
2437
7785
9403
10510
1944
1948
7075
3686
10683
10075
10766
7283
9167
9739
3126
6643
7504
1950
1952
2379
7499
1969
2923
7357
1955
8603
8663
8667
1957
7843
8449
2424
2472
2088
1960
7842
8039
7840
8751
1967
8731
6190
1968
6151
1965
2143
1966
2008
8733
9223
1977
2259
1972
4720
1971
9035
9037
1974
3378
7173
8548
4067
1983
1995
7083
1996
8985
2561
3158
2016
2029
4413
1982
8213
8851
1981
2028
10803
2058
3623
1993
8852
5589
1986
2000
4174
7977
10684
9180
2005
9076
10284
1989
7425
8240
2019
9543
1993
8205
9032
3529
3935
4071
1994
2146
2284
3768
1997
5956
3187
6947
7587
8521
2628
5049
2001
4573
2351
7092
2010
3996
7732
9227
5342
8224
8901
3434
4933
2007
8097
9047
3932
4012
2009
2157
6686
4620
5356
4880
7888
8908
2013
2621
2971
2622
4169
2343
2019
8247
9310
5426
10602
2018
2190
2588
2589
2295
3082
2024
2025
8323
8371
3163
2337
8324
2027
8046
8743
8047
8736
2934
8665
9521
2043
8324
9318
2042
2053
6137
2192
3246
2034
2036
2063
2035
3126
2141
3926
2285
2863
2038
2040
2041
7037
6071
6275
2525
2641
6121
8323
9319
5305
2053
2203
5824
2048
5299
9589
3150
2191
3834
2050
2733
3359
2734
3357
2052
2719
3184
2723
3366
5295
3117
2060
2061
2057
2445
2444
2059
2064
2215
2063
3126
3320
2213
2066
3267
6236
3262
2485
3552
8050
9075
9346
2243
5447
10675
4797
8245
8330
5891
7664
9916
7389
8458
9412
2092
2132
10758
2081
5337
6202
2084
2085
2077
2079
4669
2079
2080
2376
2148
2083
2342
6580
3194
3553
2098
6247
7275
7607
2089
2090
8171
2329
6609
2091
9366
6611
9365
2095
6495
2555
2739
3337
7865
8335
6538
7841
6480
7850
8295
2100
2120
2135
4602
2134
2103
3480
2108
4034
2105
2305
2107
2111
2112
2110
2247
2290
3218
2113
2198
2234
2598
2935
2115
2119
3195
3451
5493
9175
9396
2121
2584
2948
3277
7267
2585
2949
2154
4319
7234
2124
2529
2125
2214
2527
2127
2128
3087
3280
2188
2130
2164
2131
2975
2973
3647
6600
10344
4793
8738
2135
2137
2136
2141
2991
2991
2139
2636
2142
3726
7387
7626
9377
2271
2617
2721
2153
2333
2154
2163
3196
2262
3797
2158
3181
2149
6015
6712
2534
2152
7831
9151
3932
7829
2157
2346
5741
2156
2949
3103
2948
6688
2161
5961
6711
7983
2165
8557
8859
2342
4123
2180
2703
3349
3185
8559
2170
8445
8534
2168
2643
2642
2171
3027
8444
8533
2172
2671
2174
2183
6371
2814
2183
6544
2180
3496
2184
7857
8611
3275
2182
2460
2687
2461
2686
5324
7870
8612
2186
8681
9361
8375
7299
9250
2192
2190
2434
2433
9736
10314
2245
2204
4515
4694
2196
3027
2501
3387
2198
2292
6057
6212
10078
2308
2690
2202
2203
5828
2618
3840
3100
2206
9882
8403
8794
10062
10018
2208
7877
8944
2422
7878
2210
7245
8404
2228
2261
8210
3087
3095
2214
2215
4715
2216
6891
2229
5847
2219
2579
5177
3075
5266
3166
3421
7924
2222
2268
2269
2224
3945
8335
9350
10635
2240
2227
7873
8951
7874
8953
2229
7401
2233
2242
2235
8175
8668
2799
2299
3871
8173
8669
2241
8487
9164
3279
2239
2576
3114
2373
8370
8488
9163
3426
5957
10667
2250
2257
5313
2246
4353
2279
2248
2249
2291
5857
6043
3087
5294
2304
5842
10612
2256
3191
2270
2258
5307
2270
2263
8745
9220
5846
7247
2266
3694
2272
2277
7481
2917
2946
2268
2269
2882
2285
4596
2318
7909
2282
4594
6144
2276
3669
4410
2680
6904
9356
3603
7913
8359
2284
2447
2283
2285
2975
2287
8722
8954
2505
2303
6754
10474
2291
3103
9044
2295
9059
9311
2297
6784
2354
4440
7419
2300
2301
2642
4034
3897
6807
2911
10475
10797
7165
10632
2308
2351
2361
4709
2394
3467
3396
2313
2325
3764
2323
4780
3964
4777
2316
6556
7794
4970
7791
9096
9406
2319
5798
4504
2321
2334
2322
8893
8407
2325
5191
2327
8406
8769
4561
2352
2783
3453
8053
8770
2329
8180
8222
8220
2331
8465
8894
4930
8464
2333
2346
3228
3044
4122
8777
2341
2349
6669
2337
5841
8364
8435
2339
7941
8501
7943
4865
7168
8264
2347
5156
2343
3551
3343
8771
8887
2389
5850
9731
2955
7285
9629
2352
5344
5322
7020
8182
9358
10674
4772
7018
8583
9278
6030
6915
2739
2358
2368
4592
2728
7020
8185
10188
10259
2362
6340
2363
4308
4525
2371
10764
2383
8400
2365
4516
9258
9420
2372
4275
2367
8109
9148
3691
2374
10227
2389
3489
9182
7639
10222
10317
7092
5919
7880
2802
3275
3118
10129
2380
5737
7219
3205
3226
2378
3336
3139
2983
7393
8508
2462
2384
8385
8533
4968
8384
8534
2386
8065
8529
8066
8531
2391
7952
7781
7932
8750
8386
2393
2498
3211
5719
9159
2395
7628
6451
8697
2395
2399
2414
2398
9090
9334
9335
5347
2401
5724
9272
5727
9276
2477
3850
2463
2591
2406
2609
3195
2621
2718
3099
3158
3734
9000
2412
9303
9907
3376
7828
2411
5608
9588
6697
9065
2417
9104
9909
3595
4281
2449
4304
6476
2442
10130
10317
4076
8893
4444
7531
8368
2551
2662
6366
2450
5076
7656
2422
7870
8950
7857
2424
7845
7933
2426
8844
10429
4292
2571
2887
2432
9166
9293
3265
2433
2434
9850
2436
2439
9165
9295
3092
3052
3036
4110
2623
3276
2441
8419
8819
3628
8421
7644
10131
5216
8452
9314
2446
2446
3316
10084
10452
7377
9195
3445
5227
6386
2490
5531
10134
5216
6387
8453
2467
2750
3675
2457
2604
2904
2458
8704
9404
3108
7996
8467
2460
2461
2464
2477
3849
2472
8448
9362
5312
6241
2753
2471
2473
2471
2473
3220
2848
9006
9265
10180
3854
8089
9208
2481
8318
8438
2499
2500
8630
8321
8439
2483
8195
8531
8196
8529
2486
8792
9418
3194
9402
3318
2489
9084
9371
4134
4475
4059
9373
2508
10454
8990
9252
5531
7470
10734
3107
8865
2495
6154
8958
8073
9972
7093
10506
10751
8742
8761
2549
5289
8194
10310
2556
10629
2503
4945
5488
2505
8249
8721
8250
3441
5362
9877
6179
5282
10365
3142
2512
7993
9185
6581
8038
9873
3783
9187
2522
8696
9365
2516
2517
2516
2517
8062
2521
2531
4167
5409
2521
3117
8448
9366
2545
7437
8254
2532
2539
3432
6799
6189
6879
10505
2529
2682
10621
2678
6912
7193
4469
9161
2535
2535
2929
2537
2539
3414
8257
8771
2953
3959
9537
4912
2541
3937
4976
2980
6188
6757
10502
2544
2928
4678
3680
4385
4249
7436
2550
8439
9037
5853
7199
7897
3485
3577
4315
3602
10372
8438
9035
3580
4521
2628
10288
10817
2557
2562
5597
4605
7115
8614
3214
7604
10314
4486
2562
5981
3045
6565
3332
3496
3195
5284
3885
2597
3869
9001
8792
9509
2574
10337
10641
2573
6782
2570
2572
2763
2571
4088
4094
3111
3641
4086
3284
3639
10022
2576
4379
4378
2578
3949
4538
3751
4322
3073
5464
2581
2596
3731
2582
3739
2715
3995
2803
7631
10620
2586
2586
3481
2588
2589
2869
2870
2591
2592
3845
3271
2594
2601
3904
4493
3050
3729
5043
3992
5489
2632
2642
2599
2603
2660
3341
7186
3666
3322
3242
3065
3326
2674
4099
4881
5808
2610
3399
3398
4493
5397
10476
9202
9315
2615
2875
2627
8793
9038
2658
3507
3141
2619
3823
3825
5829
2621
2622
7483
3057
2626
4147
3743
3888
9043
10820
3001
3156
2806
2999
2643
9888
2637
3241
3723
3192
4260
3216
3992
4139
2637
2722
2713
2640
10500
10641
4554
9778
5660
8391
3180
3353
2647
3593
5836
3273
9809
9447
9734
2700
6833
3016
9645
10782
4975
5837
9449
2698
9295
9372
2654
2940
2942
3471
5830
2981
4678
2661
2662
2963
2669
5519
2658
3851
5031
3852
2724
4727
9791
2775
9419
6166
6424
2663
4521
5422
4636
2672
3054
3088
2673
2693
2668
2956
3338
3702
2671
4667
7567
3385
2736
3223
6571
3153
2693
6574
3793
2684
3113
2682
3183
3203
10269
2682
2683
2906
4459
5812
3114
2692
3845
4072
2688
2938
2688
2691
3157
2691
3847
4597
2696
2868
3510
4771
3387
2712
2972
5674
7361
9293
2712
3021
3029
2704
2702
3351
2796
2705
4073
4703
4158
4271
2725
7874
9163
2709
2710
2880
3244
4443
4088
2974
4553
3244
2720
2982
2717
2718
2971
6376
2982
3359
3983
2722
3356
9401
7873
9164
2728
8583
9142
2738
9141
2730
3718
7418
2746
8128
2778
5556
5917
2744
3948
4490
6554
7797
9139
6717
3300
2741
3572
5588
3571
9816
2743
3748
3917
3747
5562
8154
2910
7999
8822
2749
3640
2884
3324
3639
3651
6213
2757
2758
2755
2754
4165
5057
3196
5741
2861
2846
2760
7329
7920
5693
10116
2762
3520
3448
3928
3144
7693
2765
6327
2770
8820
2768
2768
5540
3007
7675
4036
4381
4943
2794
2795
2794
8751
3670
4943
6933
9790
2779
2936
3360
2779
2934
8575
2835
9391
3075
3323
5568
8973
2792
3453
4260
2792
3899
5710
7550
2787
3841
3442
4829
2791
2886
3044
2791
3645
5993
2841
3212
6268
4932
3924
8963
4186
7099
2798
2931
5639
3024
5640
2800
3426
3292
3112
8830
2806
3177
3176
2921
2925
3789
3423
3548
2812
8542
8891
2816
8695
9284
8572
10442
7743
8679
10564
3909
4081
3783
8694
2818
2819
5599
2916
10076
2822
7587
2848
3089
2825
8460
9248
10481
2842
2844
2827
2828
3013
9523
3625
4473
3296
2830
8828
9031
8109
9030
2833
8423
8440
2835
2837
3222
7935
8612
2838
3340
4843
2838
5271
6022
3371
3367
3446
3468
4436
8651
2987
5494
6108
2847
4565
2856
4698
2850
6737
3048
5522
5679
7211
9495
5904
10820
2854
3005
4991
3053
4994
3533
4669
7568
5888
8659
2862
2897
9724
4715
6290
2865
6046
6887
2865
4631
5712
7240
10455
4322
6064
2867
3508
4588
2868
3784
3649
3039
3092
2872
3349
3647
3348
5558
2874
3383
6939
3316
7974
2876
3219
3225
2878
9308
9319
3040
9318
2880
4093
4094
2882
5294
5293
7430
8468
9354
2887
2890
4437
3228
6157
2889
3491
5298
3180
3492
2891
3679
5047
6159
3396
5775
2894
3667
2895
2912
5985
3262
7571
10453
2899
8553
10200
10093
10199
2901
3429
2902
3431
4051
2907
3268
2998
4115
4353
4887
5119
2913
2914
8592
3459
4255
6797
2912
3667
7292
4212
9673
2926
8223
2945
2918
8348
3490
8268
2920
10159
6837
4691
8783
3348
5368
8788
2939
3513
6073
2957
6418
9672
10282
4490
5326
8311
2932
2940
2931
4346
4523
8146
3514
4389
4383
4944
2936
3103
3347
2938
5751
2940
6076
2944
2954
3939
2943
3951
3437
5252
2946
4619
3797
2950
5000
6440
6246
2959
3074
2952
3306
5734
5735
2956
5984
2960
3130
9711
6801
4608
10311
2959
9089
8433
3796
6563
4878
7403
2965
3468
5145
5149
2967
4213
6858
5408
2972
2976
4447
9856
10353
5242
8604
9268
8135
3339
5621
3381
3392
3336
4509
5682
2978
2981
4117
4226
3107
6927
9953
2981
3911
4420
4343
6640
9397
4990
2988
3287
3521
3070
5502
3154
2990
2994
3500
2995
7019
3925
2993
7469
3030
7148
4009
4252
3007
8766
10712
3008
6727
3002
3000
3001
3400
3004
4586
4585
3006
3552
3551
10713
3019
3716
3013
8764
9245
3011
9011
3012
5416
5657
6075
9090
5769
6533
10750
5175
5776
8478
3023
7863
8861
4941
4977
5271
5471
5971
4207
4773
5492
3024
3927
4523
8224
8860
3929
3026
4133
5668
3028
4134
3033
4201
5457
4020
10541
3160
3032
7862
8782
7219
3389
3043
3060
8044
3036
6182
6814
3061
7045
7255
3040
9172
9305
3041
9853
3796
3068
8372
8682
8340
3321
3047
3520
5145
3331
5149
3550
3917
3050
3058
3677
3053
3320
3079
3135
3951
3057
3276
4111
3734
4437
3673
3061
8045
4995
3064
4466
6560
3065
3146
3559
6218
3067
4047
4841
9112
9245
3209
8644
8948
4287
3072
5166
5127
6738
3075
3084
9434
3077
5874
10744
3086
5873
4346
6779
3080
3106
3984
9525
3085
3085
3171
8608
3101
7417
3093
5658
7553
3118
10188
10414
4357
5511
7851
3096
3452
3096
3132
3100
3839
6066
6065
8787
6216
6244
6561
3105
7034
8730
8509
3107
4084
3109
3232
3111
3804
8319
3115
3113
3114
3116
5269
3800
5977
4421
3120
4875
3123
5144
3145
7555
9803
5143
5627
7589
3127
3129
4734
3135
3141
3685
3128
3331
5729
3153
8472
3132
3133
6090
7405
8917
8935
3144
6086
3140
3148
3139
3339
4487
3143
6085
3148
3542
3147
3149
3188
3524
3325
10077
10332
3300
4896
7892
5152
3155
3289
3158
7569
5085
6706
3161
5569
8979
3593
5246
3164
5708
3179
4859
8912
5524
7773
3169
8780
8870
3169
8158
3170
6244
7585
7966
3393
5097
8433
8980
3174
3507
5031
3198
3199
9765
5085
5452
7712
8825
9152
3178
3400
3178
7879
8910
3185
8848
8856
3245
3186
3909
9219
3365
8266
9538
3189
3386
3191
3246
7893
3196
3496
3194
4391
6587
3202
3206
5685
3207
9924
3658
4279
3203
3203
3418
3204
5683
3890
5346
5433
10547
3220
8017
9367
3210
4192
3301
5494
5278
7262
3467
5528
9575
3891
8010
9321
10816
6267
3229
3577
7397
3219
3225
3227
8455
9028
3224
4581
7016
8454
9027
3230
3736
7145
3233
5123
3847
3234
5568
3264
3613
3305
3827
10438
7395
8326
9951
10680
3248
10432
10532
4567
6184
4271
3243
3244
3270
3938
4446
8369
3249
8631
8734
3302
6763
8632
8735
3256
5598
3266
8850
8858
3253
4946
3433
10395
3257
3258
3261
7637
6574
6937
3395
4553
3268
3272
3274
5578
3323
3613
8857
9420
3268
3270
4369
5153
6867
3276
5579
6425
6375
3279
3280
3294
4335
8666
3285
4127
3284
3324
6085
3286
3290
5802
3289
3384
3291
3445
5689
3385
4132
3457
6540
3296
3337
9558
10598
10024
10257
5519
6233
6638
3534
5502
9844
3299
4022
6147
3300
3533
6108
8945
3305
7896
3307
3315
3343
7618
9722
3307
3308
3314
3823
3840
4586
3334
9098
3329
3523
3334
6547
9647
5734
3825
5577
3328
9948
3321
6177
3326
5451
5998
8092
3524
3331
3520
4262
6999
10242
10471
9013
4284
6988
10343
3339
10635
3340
5272
7471
10092
3408
4584
8739
3414
3346
4747
10165
3352
3354
3377
7782
3350
3350
3353
7099
5441
5927
3358
3728
5374
5439
3363
3363
3409
3364
8321
9100
8318
9099
3366
6211
6154
8073
9237
3373
7086
3374
3687
6351
3521
7303
9282
4445
4481
3376
9823
10482
9824
3411
10379
9473
3408
4542
5932
3383
3391
3383
3406
7495
8785
3386
3386
3389
3394
5288
6592
3392
3395
3395
7330
3890
7015
3397
3401
4253
3401
3405
6534
3404
6414
10122
8420
9378
3444
5379
6612
7492
3409
3413
10396
10468
10217
3434
4717
9075
3432
3418
10264
3419
8048
9036
3418
9164
3421
8158
9016
7928
3424
8576
9336
4467
3792
8205
3427
3456
8624
3768
9097
6167
7459
8029
3431
8999
4319
5723
3729
9285
4568
3437
3438
3951
3437
3637
9702
6968
7174
8719
10748
3445
3456
9301
3499
3889
3443
3444
3549
3844
3554
3447
3448
3484
5145
3451
3452
3464
5685
4255
3459
3454
3455
5344
3772
4262
3457
9094
3460
4015
6795
3460
4017
3465
5123
4540
7390
9800
4727
8938
9352
5683
10211
3613
3961
3471
5169
3468
3700
9960
3478
7565
8699
5249
3474
3475
3474
3475
3499
6649
10485
3479
7670
8494
3487
5100
7797
8500
3481
3981
3979
4383
3928
4998
3539
3630
4684
6089
6847
6878
3512
8613
10169
3494
9062
4052
4590
3493
3493
3498
9267
4065
8221
8506
5383
8337
4935
6217
3501
6459
3502
4252
6551
3505
3817
6001
3648
6005
3507
5091
3509
3567
3510
3516
4072
4597
9388
10239
3514
3547
3562
7555
3518
3525
8502
9111
4057
3521
3523
3526
4588
3567
3526
9038
9110
5605
3530
4237
3531
8194
9247
3530
4243
5709
8193
9249
3535
5393
7200
3619
9289
5852
3537
3538
6242
5157
5312
3540
4126
3633
5668
3581
4536
10116
3546
5605
3544
4682
5079
3545
4267
3547
5571
3563
4627
5966
3555
3651
3553
3553
3555
3558
10645
6943
8189
10781
9548
10562
3560
6548
4018
4623
3592
8099
9771
3564
6352
3564
7838
5696
3566
6700
8081
8078
8582
8768
10177
10454
10209
3574
8818
9414
3573
4391
3573
6543
3966
8817
3576
8880
9364
8213
8879
3580
3620
4464
6347
5538
3632
3590
10398
3589
5702
6885
3587
8692
9184
3976
5097
7111
6589
6826
3588
8735
8879
6301
9169
8734
8880
3594
8471
4738
8087
3595
5347
10006
10487
7740
3839
3597
9631
9778
4478
6420
3622
7572
10496
3600
5746
7036
4614
7644
9958
8253
8700
3604
3605
6526
7518
3608
4031
3607
3614
3615
6838
3612
5503
3612
7055
6839
9266
3616
8412
4026
10113
3629
5587
3619
6913
9669
7638
3624
10038
3629
4330
5683
3625
9913
5574
7910
4802
9698
9756
3893
4862
5406
3631
7868
9411
5403
10356
3632
3633
7163
7348
3650
8159
8943
3636
3648
3638
4261
5253
4458
3641
3641
5269
3644
3645
3652
4837
9889
3647
5557
5620
6038
4159
9457
8161
8947
3653
3662
4658
3676
4025
3793
5905
6473
3656
3660
7959
10348
4125
8411
4500
7690
4264
10633
3664
3686
3683
9704
3665
8904
9244
4928
7941
8376
3668
7394
5766
4235
4493
3673
7004
3673
7006
6509
8273
10760
3678
8322
8646
3676
5687
3679
4913
8645
9332
5987
3681
4978
6074
7772
8812
9863
7513
3689
8748
3726
4027
10705
3688
5273
4483
5275
7531
8123
3691
3696
9145
9427
4330
5968
3694
3696
9217
9191
4139
5378
3704
3699
3700
3833
3699
4746
5903
3760
4100
5369
3897
6798
3710
6679
8666
8170
9425
3707
7949
10722
3788
7307
8429
8035
3713
8193
8711
3714
3735
8255
6700
8202
3767
7298
10445
4049
4947
8194
8709
6019
8661
3717
8874
9196
4301
5037
3942
9151
3719
7423
9432
3755
3829
5897
4325
9430
3723
3938
3725
4023
3726
3730
8132
8579
4879
7581
3734
8131
10784
3740
3733
8473
8940
8469
8769
3737
6211
6018
3742
7900
8817
3741
3741
8818
3744
3745
6966
3747
3748
3751
4442
4537
3751
4439
3770
4858
9423
3758
4058
5593
3757
4558
7051
3812
7710
3760
6473
3758
4561
5191
3765
4920
7160
5907
3781
9655
10158
3768
3770
9033
3764
3964
3776
5537
6036
3771
4923
6577
8558
3777
8738
3774
6047
3775
3775
8624
10522
4147
4559
4601
8740
3780
6871
3866
8381
8805
3800
9464
8011
3783
8000
9281
7679
9456
3786
8383
8426
5686
8543
5363
7078
9472
8872
10075
3792
8008
8573
3794
4647
5906
8879
3794
3798
4128
3797
3969
4861
3803
4856
3804
4083
3806
7956
8236
6625
9149
6869
3809
4181
6611
7955
3808
8349
8596
8595
3810
5939
10221
10818
5533
6356
3826
8302
10569
3818
7806
8998
3816
7413
3819
6070
10591
3874
4152
3821
5056
3824
8909
8953
5057
3823
3825
8913
8951
10148
10575
9371
6101
9730
7930
6638
3833
3989
5903
6153
9026
6434
3857
4099
8251
9056
10246
4000
9735
3842
3855
3840
3844
7532
8627
3846
7248
8066
3849
8065
8756
3849
3853
7246
9099
3851
3852
5796
9100
3877
3879
6949
8316
7750
10614
4355
3877
4668
5361
5718
8994
7311
8018
8991
3865
7412
7682
3863
7692
8599
8340
8598
5529
7976
9396
9198
10326
8400
8806
3868
3873
9141
8998
9142
3871
7499
3872
3873
8492
8654
8451
9295
3874
8450
4286
6025
9751
6769
8517
10037
4679
4063
6195
7376
4185
4756
6078
10238
3923
3946
9188
3884
7110
7760
3885
3887
7314
8349
6447
3888
7112
8552
6086
3901
4997
9872
3891
3894
3930
3932
3895
3969
3916
3934
6492
3898
3902
9459
4075
6827
10032
3903
4961
3901
7872
8549
7871
3904
10476
4772
6694
3911
6596
5721
7890
5134
7770
3913
6865
3911
4919
7414
10249
3913
7184
8394
5508
3915
3924
3922
8097
9078
6214
3919
7187
10092
3921
10197
4389
4491
10738
6132
6648
4928
9990
10745
7096
3926
3935
3938
3935
6058
8119
9151
3943
7217
7615
3945
8969
9350
9080
9673
3942
8875
3940
5909
8475
3985
3987
7926
7957
3945
9040
9064
10107
4273
3955
3962
4864
5319
8152
3953
3958
3971
8919
5251
5811
10049
3954
5373
4879
5374
7263
7264
3959
5073
5762
3961
8698
9677
5983
5262
5976
9414
4611
3969
4129
6125
3967
3971
6914
6915
5262
7825
5609
9586
3974
8232
10459
6030
3975
4674
3976
9494
7664
8229
3993
4050
5818
3986
6919
9014
3980
3981
6830
5314
5434
4199
4745
9691
9129
6295
6917
5002
6020
7800
9602
8184
9243
3991
8069
10472
6496
8900
3995
4028
6702
4114
6899
8190
4003
4043
4002
8737
8923
4074
6676
9241
4000
9517
10537
8680
4006
4827
9857
8922
9777
5354
7844
10015
10473
4257
4290
9860
4048
7215
8620
8230
8246
10708
4014
5370
9475
10637
10800
4012
7564
9067
7829
4016
8526
9375
5133
4018
6218
4104
10601
4018
4026
8409
10483
7431
4259
5463
6687
7891
4024
4741
4027
5230
7750
6172
7040
7107
9056
4031
4507
7913
6585
4107
8594
9985
4034
4036
4039
5742
4104
5504
8832
5284
7289
4046
8172
9748
4042
4045
5297
4045
5995
7750
10133
4049
4054
4051
9455
5043
4065
4080
4056
4226
4356
5041
6207
4058
4070
4229
6019
6081
8802
4074
5416
6075
4737
6091
9052
10775
4067
4221
4723
6541
9827
4068
4077
8126
5986
8482
4076
4077
9101
4074
8480
4073
4369
6058
4079
8407
4078
8006
8484
4083
8348
8505
6596
8057
4090
7057
8600
4229
8865
10363
4086
4088
5440
6157
4089
4090
8672
6421
8792
4091
9866
10030
7714
8687
10426
5214
9719
4124
5283
9984
8160
9461
4105
5883
6152
4101
4103
5870
8456
6371
8140
9974
10086
5009
9801
8838
6547
9026
7864
9596
10415
4124
4110
4111
4121
7786
7257
9807
4113
4115
6192
7044
6092
9685
10636
4119
4356
4119
4354
4125
5137
9765
4122
7131
5573
5872
5664
4344
4132
5831
4129
7562
6119
4144
4175
9092
4195
4217
7680
5768
4137
4143
9983
4146
4149
7076
4142
9981
8939
9824
4141
6690
8684
8229
9916
7542
7622
6626
10527
9106
9785
4154
5645
6083
5104
7094
4153
10444
10447
5110
6558
4152
7807
9565
4158
8110
4449
4159
4771
4162
8551
10200
4157
7888
10366
4880
9111
4860
4162
7731
4165
6210
7250
4276
8761
4170
4172
8760
7660
4167
4347
7197
4168
5065
5763
5929
10241
5724
7982
4183
5214
9109
4173
10349
7984
10413
7281
10756
4179
8037
4178
9922
10304
4321
9841
10039
8902
9798
4182
8137
8373
4192
9669
8426
10156
9070
4185
4194
9480
4198
4591
6109
4190
6292
7466
8562
10093
4191
8262
8691
6289
7604
10626
7783
10397
10587
4628
9947
4216
6227
4199
4203
9020
10579
4201
4204
6412
9438
4471
4204
10550
5457
8107
4207
4208
7966
8592
4212
8870
7008
9079
10597
10672
4218
7646
10691
9080
4214
4215
4563
5443
7665
6666
10698
7762
10687
4298
8387
9757
4222
8977
10145
6387
8978
4225
8590
10146
4226
4228
8059
9296
4250
4407
10255
4229
4236
4240
7673
4232
6677
5595
4235
5124
7146
4238
6117
9029
5396
7227
8361
4239
9881
4240
7817
4243
8604
4242
7998
10382
4290
10381
4248
9085
10460
4283
5944
10374
4247
7602
7991
4249
7132
8257
9083
9234
10379
4257
10170
10316
5358
4254
7038
4255
4268
4272
5955
6102
4259
4645
6916
6129
4262
4266
9621
4264
10222
10352
7643
4267
5402
6388
7813
7695
6322
8713
9068
6400
7122
8702
8970
4275
5395
8930
4448
5340
7480
4291
8633
7274
10596
4293
7223
9875
6066
6097
9977
10316
10408
7648
10418
4286
10386
10392
4598
6101
4291
4293
10524
10229
7382
8494
10724
9830
4295
7318
7320
9969
10170
10396
6024
8443
9816
4388
6173
7272
7375
10606
4304
10498
10625
4308
6726
8621
9898
4320
4401
8784
9884
9749
10011
10649
4313
10202
10768
4309
4311
5370
5517
6284
9749
10013
5005
7824
10025
10630
10187
10771
4316
10036
10391
7397
4802
8823
4327
6389
9901
4326
7947
8220
7002
4327
4323
10737
9726
4325
10260
10594
8666
4331
8497
4332
6566
10552
4601
10207
4339
6624
4554
10657
4362
9409
10631
6598
6695
8060
6679
7044
4348
4362
8047
4403
10778
4831
5037
5518
7945
8708
4345
5483
5764
4342
5436
6569
9613
4423
5458
4349
5483
5761
7207
8046
4350
5254
6780
7572
5705
4367
5018
5020
4356
4357
4359
9847
4959
8661
5236
10619
6391
4372
8584
9344
8803
4367
5025
8467
9615
10303
10341
4366
10533
10644
10512
10645
4371
9469
4373
9926
9993
4386
6007
8012
9994
10216
8927
9251
4377
4693
4377
5677
4380
4380
4383
4811
4384
4387
9968
9970
10729
4389
8855
4390
10131
7993
8351
10033
10130
9601
10301
10424
7225
8025
9321
4396
10685
5357
10276
10342
10684
5633
4412
8015
10697
4400
10020
10291
4550
10292
9917
10741
4422
6340
9716
4423
10723
4405
10230
10466
10229
10467
4442
7549
7887
4408
4409
9235
9826
10066
4416
4417
4565
6330
8842
8664
10600
8543
9637
10233
4424
4453
4420
4569
4419
8895
10343
6999
9986
5078
6413
6337
6780
8266
4718
6770
4613
4728
10106
4455
8536
8740
4428
7476
9777
4613
4728
7713
10230
10343
10813
4432
7601
8770
8232
8769
4435
5288
7456
4453
4673
10226
5287
4438
4444
4441
4442
10068
10450
4446
6090
4450
9567
4998
6848
4485
6160
10035
8363
9219
4485
6156
9239
10435
7650
7317
8242
10231
8538
8237
10309
10456
5196
6270
10252
4459
4573
4461
5164
9932
5823
9931
6650
9626
6279
7205
10054
4480
9438
5768
9298
4467
5970
4469
7741
9285
7742
9018
4472
4475
5780
5174
6052
4477
9337
10703
8090
10027
10118
7808
10701
9635
10102
5177
5266
10400
10582
4483
4484
4518
6946
4484
5732
9072
4893
4489
5618
4499
4610
5881
4490
4492
4496
4627
4495
7321
5758
4916
10739
4502
10295
10753
6644
9818
4502
10658
4501
7158
4953
8388
10296
4504
4512
5080
8925
7341
9216
10610
7927
9218
9130
9820
4513
10057
10669
6777
7277
4511
4517
9628
8710
9161
5331
9675
9687
10079
4516
4525
5396
4524
9137
5395
9136
9885
6752
4529
10090
5614
5662
10773
6315
8724
10767
7511
9153
4526
5124
6726
4528
9324
10372
10261
10435
6000
10553
4535
9314
4540
7767
9585
4535
7074
7952
4534
8188
10182
10124
10181
9066
5142
7327
4538
7551
5715
4575
4580
5629
7772
6262
8584
9686
4711
7337
4546
10075
10228
6873
9989
10215
4575
4871
6528
10237
10247
4550
4566
7646
4549
10442
10477
4948
10478
5188
4650
6862
10061
4562
4564
4786
6741
4642
4556
10388
10464
4638
5054
4560
9992
10144
4559
4561
9991
10143
4571
8122
4567
9630
10785
4570
9820
10020
4695
10401
4570
9300
6050
8125
10716
5250
6503
10373
9618
4576
4578
5702
4579
6860
4578
8027
9788
6885
5247
8026
7212
8075
4583
5556
4589
8145
9591
4590
9827
4587
5638
4587
7681
4606
8261
9696
4594
7102
4984
9797
4595
4611
4864
6808
4617
4865
4602
6144
4600
8272
9386
6903
6018
4603
5305
7624
8536
6468
7350
8554
4610
6934
7766
5619
10198
10514
5384
4680
6537
6663
10254
9368
4615
10131
4616
9968
5796
7254
6533
7708
4626
8015
10698
9619
4624
10478
4654
4658
10378
4625
7603
10477
6618
4630
6666
4631
8134
9020
4632
4633
7778
4910
6926
4818
5340
9239
4636
4637
4649
4653
5036
5030
7946
4644
5165
4644
5432
6866
7824
10583
10627
4646
4652
8156
10112
10592
4690
4647
4648
10064
10552
4789
4651
4652
7530
4653
10500
5722
6952
4699
4979
5327
6259
7150
4892
6591
10074
10149
10166
4670
9448
9455
7466
8554
10669
4665
4885
8568
4666
10050
10521
5622
6222
8986
10517
4669
4672
10560
4686
4687
7627
10558
8634
10224
4675
4676
5813
6023
7937
9795
10274
8091
10115
10753
9969
10451
4822
7698
4706
4704
5566
8320
10016
9309
10525
4689
7502
5714
6466
9551
4693
4697
6061
4696
7511
4701
4717
4699
5653
5501
4724
7201
4700
7302
9882
4702
9460
10399
10519
6063
6163
4723
6355
8014
10706
4839
4710
5790
10519
10103
10770
6096
9460
4712
10345
10053
4714
8011
10754
5277
10755
6893
4719
6813
7282
9345
9122
10528
4720
7100
5462
4724
5592
6062
7200
9211
10576
10607
4744
4765
4735
7938
4747
7068
7307
5566
10017
10134
4750
6659
10308
4733
9758
10419
10581
10706
4736
4737
7409
4741
8939
4740
5495
9693
5088
10128
4743
6124
5444
10363
10373
4806
5688
4749
7964
10322
10321
4766
4755
4764
7783
4762
7281
6093
9133
4762
6206
4758
10397
9208
10579
4766
6673
9186
9792
4760
9674
10142
4948
7454
4763
9652
9810
6186
9651
9878
8512
10124
5740
8976
4769
5567
4770
9991
9994
6159
9992
9993
5675
6324
4923
5911
5070
6606
6635
4776
5693
7920
5690
7919
4780
5607
4781
7122
4809
5625
5657
9395
4816
10636
10791
6054
9416
8550
9157
4788
6675
9186
4799
7958
4800
8074
4790
6301
4792
6129
6673
7987
4793
5756
6131
5757
4796
5900
6908
4802
10040
10286
7807
4798
6953
8333
8897
8051
9822
5050
9238
4810
5002
7923
6079
6255
4807
6868
4900
5153
5351
6150
5635
5962
4999
5061
7293
4813
6401
6528
5652
6402
5581
4908
7079
9416
9479
10732
4919
6456
9624
10077
10775
5095
8092
9953
8689
7627
8730
4825
5921
4828
7796
5234
5160
5924
4836
6394
9802
5331
6925
4840
8937
5379
4834
7753
4834
6733
7833
9029
5925
4847
8432
5887
7513
4841
4844
4947
5924
7918
5336
5839
5938
6483
4845
4993
6895
8655
5272
4847
8765
9789
5209
4849
6745
6621
6719
4867
7072
10313
4892
6306
9858
4853
6378
4854
7904
5855
4856
4858
5969
10212
4859
10493
5647
5655
4862
6599
5368
4869
5487
6046
7166
7652
4922
10780
4870
4872
6685
6889
5365
7448
5551
7209
4873
7139
7453
7640
4875
4876
7584
4878
5155
4879
10511
4882
4883
5678
4886
5222
5634
5858
8565
5937
6175
4889
8813
6367
6819
4894
4895
6205
8325
8911
4891
6926
7784
6059
8532
10215
4899
4916
4910
6064
4897
5296
5766
4912
7680
10065
5999
4948
9671
10439
4907
4905
5687
4905
6669
5307
4908
9257
6481
7911
4916
4918
6427
7440
4914
6923
5622
6829
6032
8805
4924
4929
4926
5096
9060
4921
6143
7103
8207
4931
8280
6029
6203
4933
4963
8772
7042
7135
4930
8597
5616
9656
10315
4936
7120
5770
5800
9015
9207
4939
7840
4938
6221
6753
6755
9261
8597
8807
4941
4942
6022
7045
4944
4946
6090
6897
4950
9862
9890
5259
10204
4957
6040
4955
6191
7570
5778
4957
5024
5793
7573
4958
9662
10294
10770
9682
10300
5203
4962
7127
7597
4967
7125
7598
10016
10284
5000
5008
5381
4984
10259
10659
10354
5800
5986
4973
8215
4974
4972
8692
10728
7235
10727
8219
8936
4975
7494
7005
4977
4978
5182
6631
6325
8410
4986
6397
7533
4983
5371
5710
10660
5902
5945
7532
5440
9939
4999
9834
10567
4992
8178
4991
4994
8499
4995
7255
6877
9859
6649
7482
10568
5848
5003
5815
9831
6068
5006
8839
9882
5133
8843
6844
6832
7308
7814
5011
5908
6725
5015
5912
5013
5920
6186
5561
5015
6138
6363
6141
5030
10508
5753
7312
7594
8799
5021
6479
9861
8541
9115
5022
7861
5655
6130
5024
5068
8809
5029
5484
7175
5028
5670
6819
5121
5672
8548
10414
5033
5034
5676
5035
8947
6465
9240
6938
9812
5040
5050
5133
5042
5044
7101
7033
9501
5043
6175
5231
5217
5047
5987
5048
7904
7954
7901
7951
5052
9650
7554
5053
5055
8416
5904
5060
5078
10414
6906
8415
5058
5869
5058
5183
6905
5062
9680
7940
9005
5862
5081
9993
10464
5073
5410
7032
7173
8326
10681
10764
5071
9348
9980
5694
7318
9979
5075
7398
8806
5077
6119
8023
8805
6195
7398
7212
5081
5604
5798
7310
5433
5088
9692
10590
5760
6323
7301
5335
5528
8286
5091
7958
9630
10059
5089
6929
7379
9763
6930
7380
6193
6464
10267
10772
5094
9979
10652
9980
10651
8031
5103
5110
7328
5100
8699
8715
5427
6535
5974
7041
5470
5875
5104
7803
5107
5109
5131
5108
5942
8471
5269
6309
5239
7137
5114
5117
6312
7931
8239
5833
6247
5120
5629
5672
6120
5673
5750
5656
6169
5121
6120
6654
5121
6178
7177
5772
6148
7763
5127
5125
5165
6415
7897
5129
5132
5853
6415
6816
5135
9542
9712
5443
5854
6419
5139
9599
10294
10451
5138
7502
8509
5194
10804
8200
8747
7788
9601
5678
10405
5144
5983
8045
7196
7241
9607
5194
9687
10669
5154
5706
5953
5155
5708
5951
7400
5157
7685
6669
5161
5940
6956
7439
7688
5604
6349
8358
5164
5637
5164
7848
7145
5541
5415
6256
6162
9657
5174
9756
5171
5173
8327
5997
5964
6931
5176
6188
6755
5467
5777
5178
5179
5463
6689
5182
6500
6853
8617
9455
6543
6846
7766
8151
5193
6773
7704
5188
5192
10331
6709
5190
6303
9572
7402
8585
7646
9668
6610
7700
7464
5202
6643
10683
7450
6508
6930
5204
6578
9325
5200
6954
8725
6469
10776
6527
7518
8560
5303
6729
5507
6851
5241
7178
5207
5208
8911
6613
8332
5209
8325
5407
6193
5931
6993
5213
8058
8078
8061
9723
5250
9466
9955
5227
5601
5241
6769
5226
5724
7365
5546
5223
5224
5698
6170
6105
5727
7366
5229
5237
5888
6343
9301
9316
5232
10756
5394
5239
5419
5425
5240
8659
5240
6344
8961
8962
8514
5244
10638
5246
6224
7469
5245
7239
8607
9408
5836
5248
7705
6860
6996
5252
9755
9644
5262
5263
5253
5254
10496
7506
8656
6604
7509
7986
10790
5259
9786
9887
6843
5274
9563
9678
5264
5895
6507
5980
8744
5563
7455
5287
5786
8718
5270
6506
5270
7319
5984
5704
8525
9564
5717
5279
5647
6130
7451
5289
9895
5651
5303
10692
5423
5285
10734
7458
8380
5286
10085
10733
5597
5292
5292
9324
5291
7206
7893
5296
7892
5999
6065
7208
5298
5995
5996
5300
6262
6434
9971
6493
8789
5304
8401
9643
9634
9644
5329
5308
6797
7038
5322
6799
7037
5310
9452
10433
10342
10428
5318
10563
5322
7407
5317
6199
6327
6722
8821
5327
6190
5327
5411
9516
10562
5326
5713
5338
10138
10774
5324
5328
8507
8587
5328
7245
6889
8093
6109
5372
7345
7529
7310
5372
6284
8112
5334
5360
6857
6858
7665
7818
8209
8654
6255
10395
10809
7929
8790
5918
5783
5399
7863
5471
5472
5350
5346
5521
5685
6126
5350
5413
6118
10580
6604
6720
9490
5353
5365
6685
5362
6581
5355
5356
5748
5359
6197
10306
5370
5751
6200
8255
5391
9480
5827
5364
5826
5368
5554
5558
5369
5871
8878
8877
5373
5374
7872
5715
5426
9517
10123
6586
6686
5570
7586
5380
5968
5384
5967
6639
6833
5415
6202
10220
5386
9049
6208
7590
9050
5415
6308
8187
5728
6050
5392
6759
9389
7108
6760
9391
6062
5398
5397
5397
6134
5754
8902
5403
8819
9739
5405
6872
7710
5681
6672
5421
5414
7118
9747
6368
7455
6492
8788
5410
5417
5419
5410
6820
5412
6489
5510
8477
9750
6680
5418
6855
5730
5745
5430
9738
10596
5430
10551
5424
6424
5491
6423
6433
5495
5428
7544
5437
10129
5435
5448
5972
5437
9926
5436
6489
5447
8278
7465
5473
5440
5564
6155
5441
5626
6206
5446
5780
5445
5583
6122
5775
8203
9751
5453
9967
5454
6573
10446
5486
8413
6704
5454
9069
7172
7735
7952
9579
5458
5668
5460
6978
6985
5466
5807
7866
5650
5464
6135
5467
5979
6049
6431
5649
10727
5479
7549
10615
5473
5973
9454
9715
9885
5486
7887
8410
5478
6677
8855
5889
6305
8041
5486
6982
5481
5534
7974
7971
5484
5643
9717
5487
7280
5489
6266
6267
5492
7429
7431
7387
8288
9844
10236
5497
6866
6423
6867
6288
6830
6890
5500
5947
7934
7937
9232
5651
10710
5520
10281
6781
7119
8148
5510
5591
6489
6027
7133
5511
6219
5514
5767
5516
5727
5516
6167
6068
9153
8033
5518
7880
6437
6235
6011
5676
6955
5562
9943
5525
7085
9049
7491
7078
9050
5527
5702
7736
7735
8471
5772
5530
8288
6646
8290
5559
6869
7010
8317
5560
5536
6939
5537
5975
6139
6937
5540
8975
8973
6729
5543
5545
6719
5544
5703
5546
6721
5549
8315
5552
6124
6714
8314
5551
6528
5597
8416
5864
5923
10277
6601
7279
5556
5919
5558
7278
5566
8299
7930
10490
7689
9178
9929
5793
5886
5567
8354
5571
5605
7681
9946
5569
5951
5578
5579
7830
6929
8327
8395
5574
6716
6715
6651
9795
5586
6408
10759
5580
7961
6166
7963
9942
7209
10448
5585
6509
8227
8829
5664
8411
6024
6392
5599
7587
5992
6876
7465
9410
5632
5596
7051
5696
10185
8198
10577
6741
8328
5666
8067
10638
5606
7882
5607
7883
5609
5609
7628
5612
5613
6100
7496
7791
9961
5681
6689
6549
5620
7280
8308
5943
6549
5719
5621
8311
5621
5641
7951
5626
5627
6208
5641
5629
5868
7177
7540
7849
5638
6793
5633
8779
6069
5635
5838
5786
9903
5639
5640
9932
6063
10072
7852
10415
5742
5669
8996
10402
5646
5647
5651
6061
6122
6298
7275
5650
5816
5656
5821
5662
5663
10223
5726
7883
5774
6341
5982
6787
5667
7052
6549
7215
10807
5667
7047
8068
10398
5673
6782
5675
5677
6083
5673
5682
10539
6460
5684
8513
5686
8426
8495
6774
5686
7899
5701
8429
5691
9966
6204
6386
9965
5695
6438
6758
5699
7386
7813
10588
5707
6295
6936
9518
5797
9570
6149
6921
8191
5752
7782
5707
7210
7489
6350
7490
5797
5715
5712
5713
6887
5966
7428
5716
10354
6744
9309
5719
5732
5720
7311
7314
8705
7027
9599
9814
5741
5742
6195
8806
6220
5745
7062
5879
8130
5734
5735
9184
10728
5754
7862
7366
7697
7201
8659
5749
5746
10725
5749
6136
8648
7815
5753
6617
8332
5751
5750
6104
8750
8528
5756
5757
6506
5760
8835
7965
5763
5764
5763
9533
6254
5766
7208
5773
5774
5776
7708
5782
5783
7332
9828
8381
8305
5781
9261
5978
6282
7058
5781
8765
6258
6098
6171
5786
5789
5788
10441
10629
10440
10628
10350
5899
7189
8331
10730
6647
7368
10091
6614
5886
6616
8278
9957
5801
6997
10662
8374
5802
8776
7025
7194
5823
6711
5806
7409
10534
7408
10432
5825
9759
5813
5811
8744
9708
5812
6039
6966
5825
5861
8868
9515
7634
10018
6429
7640
7761
7188
9448
5820
5822
7308
7575
8501
6781
5828
8391
10290
5827
5829
5865
5870
8424
6041
5839
6488
6187
5837
6223
6204
6979
7607
5841
9741
6683
5844
10616
6010
6067
7659
10656
6014
6057
9465
5847
8530
5890
5860
5851
5856
6170
6661
7520
5853
5854
5988
5902
7406
9162
5862
6172
6428
6637
8016
8442
6032
5864
6775
7715
7716
6078
10794
5867
7515
10503
9641
10504
7562
8075
6217
5871
10795
6579
7903
7413
9269
8915
9267
7755
7855
9818
8098
8933
5880
9275
5880
7115
7035
7444
10665
9647
7046
7608
5890
6507
5894
7715
9057
6126
5928
8931
10449
6776
5897
7710
5898
5963
7095
9832
5901
6849
9565
10817
8635
9590
8917
8546
5906
5907
6918
9962
5913
7758
6176
5933
9794
10340
5935
6793
5913
6194
6068
5934
6509
8356
5917
5919
6438
7061
8641
6760
6634
10084
7281
9180
5928
6106
6158
6962
5928
5927
6186
5930
8135
6459
6551
6243
7702
9608
9827
10356
10551
5944
6411
6094
8025
9766
10087
6207
6107
5940
9209
5943
5945
7215
6307
6406
8627
5947
10066
5950
5952
6465
5950
7253
7801
9240
7247
8530
5977
6824
9470
7261
10484
7612
5965
8555
9262
6472
9227
10270
5961
8988
9482
9483
8570
10070
5964
6508
5991
5970
5969
5969
6550
5973
6020
7771
7401
7157
5980
5989
5979
8284
5985
7294
5989
8289
5984
7703
7021
6923
5994
6842
5992
5997
10117
10168
7143
5995
5996
6441
9846
6006
6008
6005
6494
8628
10268
7349
10265
6028
9561
6037
7770
10120
8265
9813
6359
6642
6012
6260
6014
7925
7566
9451
10137
9775
9174
9562
9803
6024
6391
7067
6019
6025
6023
7255
10392
6192
6679
6700
6702
7042
9242
9560
6047
6094
6044
6114
9710
10515
9353
6034
7119
9495
8513
8988
10114
6141
6194
6038
6882
6883
10103
6042
8838
9829
6049
6056
9759
6605
6098
8692
9976
6055
6053
9746
6054
7260
9225
6545
6984
6067
6063
6514
6078
6079
6256
6083
6069
6115
6072
6217
9269
6073
6076
6221
10555
7533
6081
6087
10100
6080
8424
10640
6084
6086
6446
6085
6091
7411
6185
6360
8956
10789
6095
6171
7190
10383
6102
7648
6173
7189
8635
6672
6108
10416
7633
8466
9661
7894
9880
6106
7698
6299
6144
6111
6495
7841
6112
6496
6113
8294
7839
9200
9046
9721
6128
6605
6117
6132
7817
7833
6120
6123
8075
6139
6124
6460
6248
7912
6196
6724
6135
6482
6135
6133
6191
6615
6139
6143
6145
7561
6143
6146
6586
10492
8863
6688
9711
6151
7568
8712
9917
6180
6183
7569
6153
6154
6157
6159
6768
6630
6161
6162
9072
6300
7981
6168
6245
10507
9703
6178
7202
6278
6515
10806
6182
6184
6182
6183
9493
6189
6400
6199
6648
6273
8043
6205
6576
9922
6215
7542
9964
6844
6210
7660
6209
7353
6257
6205
9555
6208
6227
6211
6221
8519
6214
6241
6216
6229
9229
7324
6402
6831
10071
6224
8876
6316
6226
7140
10385
7138
10387
6246
6230
8096
9095
7647
10471
7427
10232
6232
6234
6742
7774
6236
6880
7773
6236
6239
6271
9976
7473
7792
10193
6922
9270
7284
8279
9833
6242
6244
6743
7427
7392
8269
8279
6265
6270
6252
10046
10733
6253
6671
8563
10048
10081
6668
8966
9697
6257
6257
6269
6263
6532
6263
6535
8098
9102
9655
10613
6268
6268
7058
6279
8102
10499
6274
9984
6564
8582
6896
7740
6277
6531
6284
6663
7316
6536
6281
6572
10617
6287
8260
6285
6811
6287
7437
6286
6670
6802
7950
10805
6458
7088
6789
6289
6290
6825
6292
6732
6946
10245
6311
6319
6989
6306
6591
7338
6660
6298
6299
6298
6299
7607
6303
9238
6306
6731
7905
6305
6838
8412
6309
6933
6339
9291
6310
7239
9419
9737
10184
6313
6314
7659
7925
6316
7655
6318
7117
7216
7489
7073
6322
6326
6338
10531
7261
6324
6325
7302
10412
10535
6329
6329
7188
9476
6331
9467
9465
9770
6333
9002
6336
9135
6335
9477
10320
6384
9061
6471
7921
6341
7560
6346
10549
6353
10220
6341
6345
9323
10261
6344
7723
7730
9871
10262
6442
10413
6355
9700
6349
6761
6351
6352
6354
10026
7287
9288
10581
6357
6872
6453
8302
10749
6379
6365
6363
9114
6713
6366
8470
7403
6750
6377
6875
9096
6373
6373
8507
6376
6457
7233
6376
6379
7650
6380
6818
10640
7545
6385
10096
10430
6383
8199
7273
8228
8829
7276
10431
6387
6391
6392
6519
6393
8164
10549
6443
8163
6403
8422
6396
8005
10510
8006
9189
6398
6406
10738
6401
6402
8478
7508
6405
7733
6407
7994
6410
8778
9404
7266
7283
6422
8753
10739
8827
8100
10400
10129
10547
6415
6419
6417
8798
10195
6964
10041
10228
10565
6432
10153
6435
10030
6428
9355
6425
6425
8737
9777
10189
6428
7040
9137
10018
6431
7864
9376
9225
6435
9918
7550
10615
9513
6437
6438
7880
7752
6467
6470
8523
9435
6876
9431
6443
10349
10347
7108
9480
9949
6447
6810
6447
6804
6463
6720
7023
6450
7714
10383
7191
7722
6452
10086
7262
8140
6466
8783
6456
7682
10599
6457
6459
7017
7414
8135
6662
6461
6465
8530
6467
6470
7435
6590
6768
6472
9576
7576
10029
10057
10345
6952
10686
6514
7329
7514
9689
6478
6480
6634
10497
6502
8235
9559
6481
6482
7304
6486
6485
10052
10297
10049
10290
6488
8643
10060
6530
6491
6498
6504
6501
7497
6494
6494
6882
6497
6499
6499
8275
8001
8946
9595
6553
10042
8147
8298
6505
10708
6515
6572
8300
8928
8834
10530
7319
6508
6513
8183
7474
8674
8729
6521
6523
6733
8166
10796
9691
6861
8035
10543
6518
9655
10160
10282
6524
8707
6524
9273
10489
6762
8218
6566
9866
10657
9034
9058
6526
6529
8359
6527
7336
8392
8459
6534
7039
9214
6537
6542
9226
6542
6600
10403
6553
6766
9867
9590
6543
6847
6546
7086
7258
8034
9105
6560
8150
6560
7428
6748
6564
8190
10246
6566
8960
6557
6865
7133
9406
6558
7137
6563
7581
6565
7585
8225
8924
10158
6565
6570
10159
10446
6569
7465
9531
6604
6573
6574
9955
6577
10143
10622
9553
10278
10144
10692
10703
6580
8402
6587
6583
7198
8282
7115
9771
7241
7285
6588
6595
9816
9821
6590
9613
9041
9081
6593
6594
9260
8068
6976
6598
6598
6601
9385
8864
7415
8566
10147
6606
6752
7386
7630
6607
6835
10244
6613
6619
9332
6611
7947
6626
7622
8244
6617
6615
6616
7635
6620
8150
7575
8322
8154
6622
8821
6749
8774
6629
7022
6627
9254
6627
6773
8706
7757
8795
10546
8579
9666
9082
10445
7534
6633
8540
8483
8544
7480
7697
7749
6639
10239
6649
6828
8723
10122
6736
6645
10494
6646
10285
6648
7372
6666
7694
6665
6674
8203
8393
9529
6654
10578
10580
6656
7493
9450
7494
9449
6667
6992
7452
7620
10525
6673
10019
9690
10806
6699
8822
6668
6670
6699
7517
9663
9230
9707
7447
7527
8649
6671
8916
7695
8398
8932
6678
9169
6680
8184
8885
9138
8186
6685
6713
6684
6810
9808
9395
9804
9809
6688
6689
9487
6691
10778
7672
6694
6695
6694
6695
10032
6697
9304
9920
6698
8353
10680
8128
7152
7591
9908
7184
6899
7044
10099
6706
9587
6737
9943
10240
9588
6709
6794
6711
6781
8988
10292
6718
7204
9575
7134
10220
6725
7543
10490
6717
6717
6944
8535
6722
9613
6722
9446
6724
7625
10277
10278
7139
6727
6730
7905
9905
6738
6731
10043
9952
9228
9435
6739
6736
6738
6816
6908
7539
9753
10654
6859
7290
6743
8836
6742
8837
6746
6906
6749
6761
10350
6750
7570
6859
10241
8960
7573
6761
7918
10245
6757
10559
6756
10501
6757
9959
6759
6760
7813
6764
7290
6765
7889
7291
7613
6767
10176
6788
8617
9990
10587
10243
8580
6786
8634
6776
9553
10682
6967
8532
8539
6786
6777
6902
6776
10279
10620
6779
7118
8148
8146
9717
6785
6784
9532
9543
6790
6821
10528
6789
6790
7056
9059
6796
8281
6796
7766
8399
10331
6797
6799
10558
6801
6807
8826
9437
10575
6803
7014
8916
10787
6810
6812
6808
6809
7012
7654
8072
6968
7500
9929
6836
9786
6814
6817
9833
7257
6820
9838
10655
6820
6912
6831
7908
6821
6824
6824
9382
6830
6840
9754
9461
6834
9941
6831
6833
6835
9942
6843
6838
6839
10180
6844
6842
8042
8260
6850
9541
10370
6848
7277
6848
10163
6854
9896
7106
8090
9120
10022
6856
9146
9612
10369
6857
6858
6861
10545
7043
7736
10722
6864
8169
6864
7529
7530
7344
9544
6868
6868
6871
6873
8336
7436
6875
6892
8476
9819
6884
6879
6884
7645
6881
7588
8105
6896
6888
6901
8060
6889
6903
8062
6893
6894
6893
6894
6898
9376
6897
9787
8012
9344
10283
6907
9898
10410
10032
6904
10540
10621
6906
7620
6909
10096
7467
9900
10597
7150
7591
10378
6927
6936
7105
6921
9679
9864
6932
6918
9487
8483
10742
9485
7089
10743
6922
7235
9976
7642
6926
8539
10028
6928
9581
9525
6931
6931
9869
10450
7596
6943
8602
6945
7089
9009
9014
6941
8360
9938
6941
6969
7762
6944
6947
7204
7526
6950
7090
10488
6949
6951
8620
8085
6953
6954
8084
6959
6956
6958
7248
8756
7651
7745
7364
10376
6961
6964
7365
6963
7366
10666
7439
7699
7442
6967
6970
8523
9768
9701
6980
10029
10673
6972
10062
10114
6986
10063
6974
9708
6975
8207
8284
8744
6978
6985
6979
7919
9135
10506
9162
7001
7107
9849
10619
7524
9451
10795
9113
7592
10376
6994
7128
7801
6999
7647
7081
9192
7300
10425
10622
6992
7528
10495
7493
6995
8115
7799
6996
8118
6998
9298
7041
9297
7069
7671
7707
8871
7008
7012
7005
8873
7006
10540
8876
10541
7475
10253
10487
8074
7011
10375
10557
7445
10353
10559
9193
10443
7023
10243
7016
7456
7457
7019
7233
7020
7026
7025
8462
8684
7088
7029
9744
10106
7105
9277
9359
7028
8962
8961
10771
9745
10107
7031
7033
7046
7609
7036
7065
7041
7071
7039
7039
7042
9037
7048
10639
7050
8629
9011
8628
9018
7055
7055
10578
7054
10173
7988
10175
7059
7060
7059
7060
7062
9867
8721
7062
7066
8480
9241
7066
9255
7347
8717
8493
7180
8443
10150
7070
7663
8752
8720
9645
7082
10524
7879
9670
7077
7865
7510
9274
7084
8586
10015
7082
7751
10444
7087
7846
8490
7087
7096
8418
7719
7721
7094
9394
7101
8463
7228
7692
7097
8963
7099
7102
7105
10756
7501
9486
9789
7153
10272
7112
7114
8793
7112
7114
9494
7116
9767
10673
8840
7172
7577
7159
7167
9497
9497
8983
10401
7172
8114
10671
7124
9383
10408
7126
10486
9117
7963
8547
7404
7130
9240
7130
7907
8949
7132
8777
7135
9174
10094
7137
7138
7140
8696
8578
7761
9025
7143
7147
9343
7144
8131
8189
7297
8726
7146
7394
7153
9349
8996
9859
7152
7159
7167
9801
9704
7420
7396
7978
7158
7162
7160
7161
8207
7160
7161
8289
7342
10535
7169
7479
9571
7168
7263
7491
8887
7488
9573
7171
9317
10504
7175
7185
8188
7610
7179
7470
9399
7182
8287
7473
7792
7182
7561
7185
8786
10749
7188
10762
7187
9408
10196
7190
7191
7202
7616
10079
7194
7197
7198
8293
10024
10104
10674
9718
7200
7201
9185
7206
7208
8370
8985
7223
10647
8369
7706
8059
7212
7220
7895
10737
7733
7995
7738
7220
7303
7218
7221
10667
7382
9283
7378
7613
7970
9491
7224
9878
10051
8010
10088
7227
7228
9394
7274
7283
8411
7236
7240
9724
7236
7810
9150
7233
7234
7559
9454
7238
9393
10639
7239
9022
7243
8133
8291
7244
10104
7877
7248
7254
7249
7252
8214
7251
10187
7730
8961
7253
8903
8638
7651
7259
7482
9872
9808
7260
9873
7260
8476
10000
7299
8231
7268
7270
10359
7523
9042
7275
7269
10360
8490
9017
9021
10576
7276
10096
10604
7297
7367
7286
9902
9738
7297
7631
7279
7280
7754
7284
8382
8603
9272
9904
7295
7313
7290
7291
7293
7294
7380
7293
7294
7300
7311
7314
8840
10622
10301
7302
8839
7305
7310
9857
9357
7312
9337
7635
10305
10556
7316
8112
10333
7325
7318
9348
7724
8242
7322
7324
7323
7853
7851
7341
7328
7332
7329
7521
7330
7637
7333
8519
10119
7641
7334
9085
7709
8524
7337
8946
9608
7617
7624
9892
7339
7907
7340
9106
7906
10335
7343
7505
7370
10650
7345
7623
7346
8549
10127
8511
7370
9987
8626
7351
8551
9894
8080
7392
7356
10678
10763
7360
9555
7358
7359
7377
9127
7361
8182
8485
7363
8643
7364
8725
10063
8798
7369
8189
7371
7898
7375
9954
7372
8270
7570
7374
7384
9541
9441
9896
9852
7377
7379
7380
9527
10774
10811
10814
7385
7467
7603
9694
9835
7393
8301
7388
7389
7390
7626
7970
8781
10664
8303
7397
7396
9473
7404
7399
7663
8032
7403
8474
8211
7915
10497
9502
7406
7407
7411
10100
7411
7412
7415
9197
7414
7417
10242
7423
7424
10325
7423
7696
7443
7421
9048
8002
8007
10321
9812
9937
7430
7449
10530
10709
7433
8103
7432
9271
7432
9703
9908
7443
8036
9092
9959
10111
7445
7445
7440
7694
9610
7441
9161
7442
8161
8159
10074
7449
8834
7447
7452
9729
7453
7973
7454
10251
7460
9450
7460
7573
7459
7459
8420
10478
7462
9924
10216
7464
9765
8538
7466
7469
7655
10375
10631
7476
9790
7785
8005
10736
8022
8923
7526
10488
7503
7483
7501
8390
10086
10384
7611
9342
7915
7617
7624
9817
7621
7588
7486
8071
9504
7487
8890
9748
10463
7612
7490
7491
7498
7928
7496
7496
7498
8982
7725
9016
9004
7501
9143
7898
10091
7510
9280
10412
10584
7508
7509
7508
9528
9802
9531
9282
7604
8261
9736
7521
9002
8294
9640
7522
9001
9888
7520
8466
7799
7906
8508
7538
7525
7525
9889
8110
10752
7859
8878
7633
7528
7544
7543
8113
10336
7534
7534
7536
7540
8867
7538
8535
9569
8386
7603
8650
10029
10110
9854
9214
9226
7571
7548
8690
9323
8677
9910
7551
7551
8867
7560
9912
8072
9500
7565
7566
7960
7558
9432
10325
8204
10572
7572
7562
7565
7566
7645
9242
9375
7568
7569
7574
10339
7635
7578
10569
7579
7595
9551
7580
9767
7599
9978
7583
9971
7585
7589
10511
7590
10507
7593
7590
7592
7600
7594
7814
7596
7599
9502
8215
10526
9102
10114
7605
10459
8254
9333
7606
10309
7724
8243
7609
7614
7610
10470
7615
9647
10465
8218
9688
8459
7619
8914
8992
9309
9143
10240
8168
10126
7630
9585
7632
7631
9398
8499
10523
10436
7640
7706
8772
8986
7641
7642
7972
7643
7644
8427
8619
7649
7649
9964
10044
9973
7653
9083
7709
9085
8548
9474
7657
7663
7671
7659
10557
7661
10097
7665
8262
8741
7664
7668
7669
9125
7668
7669
9667
8107
9039
9107
9132
7678
9268
7683
9119
10527
7677
9232
7678
9230
9707
7681
7836
7694
7684
7687
9983
10326
10403
7689
9609
7688
7756
10171
10316
7699
7691
8317
7693
7976
8319
7698
7999
9814
7699
7705
7703
7705
8019
8803
7762
9668
7709
7859
8136
10389
7727
7856
7714
7722
7718
7718
7743
9684
9998
7720
9967
7721
9069
9190
7725
8147
7728
7731
7939
10108
10174
7746
10459
8892
9906
10422
7731
7747
7734
7738
7737
7737
8118
7746
7860
8389
7744
9263
7744
8710
7748
10668
7747
8013
8086
9346
7756
10212
7753
10588
7755
8864
7759
10211
7929
10289
7761
9108
10591
8552
8596
7818
10741
7767
7772
7860
10815
9689
7819
7834
9370
7770
7788
10553
7800
8278
7774
8975
7776
8758
10700
7779
8512
9313
7784
7783
9183
7784
7782
10218
7786
7787
7900
9413
10305
7790
8111
9030
7795
7795
7798
7849
9096
8650
7797
8934
7983
10192
8303
10082
8304
7804
8849
8897
9259
8123
8942
8496
7807
8909
7810
9022
9592
8064
7821
8082
8510
7819
8108
8762
7816
8179
8639
10197
8915
7858
7986
10475
7822
10699
9444
9504
7824
7827
9577
10055
10357
7829
7831
9246
8116
9540
7836
7838
9196
7836
9453
10186
10073
10747
8328
8505
7840
7842
8810
10185
7841
10326
8449
7845
8039
7846
10623
8950
9019
8418
9049
9559
10598
7853
9340
9376
9912
7858
8930
7912
9484
7860
8815
9361
10073
7929
7867
10223
7863
7866
10256
7869
10214
7884
9453
10213
7933
8436
10011
10013
8668
9142
7876
8907
9116
9328
9066
7882
7883
9011
9018
9413
8997
7889
7922
9990
8645
7896
7897
7892
7893
10275
7899
9478
8922
9546
7908
10069
9761
9991
9996
7910
8396
7908
7914
9785
7914
7911
8155
10803
10377
8943
7917
7966
8049
8593
8669
8358
7921
7921
10494
7926
7940
7931
10670
8025
9440
8759
8314
10677
7934
7937
7935
10067
8228
8760
10351
7939
10427
9919
10480
9505
9695
10704
8507
7959
7964
9648
7947
8236
8732
7958
8051
9649
7962
8544
7960
7955
7956
8632
7960
8578
8008
8119
10280
8561
7968
9418
8339
7968
10346
7969
8252
8379
7972
7977
7975
7975
10663
7977
9289
10285
9327
8989
7984
8798
10589
7987
8002
8757
7988
8811
9176
7990
8324
9535
8435
9331
8827
9061
8000
7995
7996
8004
8011
8924
8365
9892
10019
8005
8006
8407
8888
10754
8010
8735
8014
8050
8020
9685
9970
10786
8016
8021
8455
8647
10367
8026
8634
9815
8423
8024
9405
8032
9353
8153
8675
8027
8028
8054
10224
8033
8033
9276
8124
9351
8038
9113
9427
8037
10355
8350
9114
8405
8041
8106
8853
8409
9333
9414
8044
8045
9296
9409
8049
8158
8086
10286
8064
8069
8063
8581
9788
8063
8491
8064
8069
9595
8060
8062
8079
10517
8918
8385
9099
9268
9210
9263
9322
9503
10611
8074
9100
8080
8545
10702
8078
8081
10574
8582
8082
8204
8088
8101
8990
8085
8241
8307
9625
8206
8208
8454
8091
9118
8091
8124
8537
9768
9982
8098
9583
8224
8282
10253
8107
8767
8234
8811
8150
8152
8499
8618
9429
8521
10481
9088
8111
8450
8113
8115
8118
8117
8125
8122
10025
9672
8126
9279
8123
8333
9822
9835
9101
8133
8969
10324
8131
8132
8728
9159
8940
9350
8138
8142
9451
10048
10513
9019
9975
8155
9325
8142
8723
10002
9299
10389
9204
8151
9925
9057
9931
8796
9144
8154
8157
8239
8167
8306
8873
9407
9905
8166
8174
8173
8175
8888
8165
9212
8165
8482
9424
10023
10121
8170
9191
8170
10008
8180
8807
10168
10462
8926
8183
8951
8184
8186
8178
8179
8640
8894
8281
9915
10554
8185
9372
8201
9752
8251
8192
8874
8438
8444
8199
8200
8226
8204
9430
10675
8213
9734
8216
10116
8212
9062
8211
8214
8286
8386
8246
9729
8220
8222
8498
9040
9433
8676
9608
8465
8225
10160
10361
8228
9126
8273
8233
8244
8233
8469
8297
8244
8785
8573
8238
8243
10236
10458
8247
9354
8245
9384
8243
8458
8903
8323
8422
8813
8252
8600
8252
8547
8461
8263
9131
8260
8662
8263
10372
10437
10065
8259
8298
9055
9177
9404
8262
10291
8771
9083
9390
8268
10076
10609
8271
9838
8276
8277
9503
9696
9358
8274
8275
9593
10758
8921
8606
9630
9683
10746
8283
8293
10258
8289
8288
8290
9377
9569
8657
8295
10469
8296
8297
9231
10257
8900
8621
9512
9511
8300
8320
10631
8704
8304
8638
8310
8304
8381
8400
8310
10748
8316
8311
8316
10140
8331
9956
10725
8314
8315
8618
8319
8531
8841
9237
8904
8432
8331
8348
8361
9058
9394
8333
9412
8644
8664
10740
8338
8355
10404
8609
8342
8362
9723
8997
9109
8346
8351
9757
8987
8993
10313
8880
10136
8349
8705
8527
8905
8365
8354
8360
9939
9054
9946
10358
10374
10760
10713
8390
9937
9034
9000
9725
8368
8848
8371
9392
10089
8383
8397
9637
8369
8370
8748
9310
8764
9305
8383
8377
8379
8378
8378
9138
8994
9147
8716
8663
9152
8635
8688
8391
9393
8392
10624
8564
9529
8402
9638
10303
8401
10003
8443
8754
8405
8944
8845
8940
9175
8412
8413
8899
8416
8419
8421
8485
9293
8716
8678
8432
9031
8456
8431
8958
8431
8441
9515
10139
10039
8605
10014
10226
10633
9290
8436
9222
10167
9043
8446
8706
9149
8828
9012
8442
8537
10028
8557
9336
9422
8559
9215
8449
8451
9042
8453
8556
8814
8458
9381
9284
9417
8591
10778
8478
10750
8685
8535
9308
9338
8479
8474
8475
8474
8475
8479
8579
9225
8480
8493
8684
8485
8680
8484
10805
9194
8503
8585
10498
8489
9036
8489
9278
8982
8503
8494
8500
9141
9372
8513
10162
8498
8498
8920
8904
8793
10368
10625
9287
9421
8506
8809
8528
8511
8542
8572
8749
8516
8517
8517
8802
8525
10181
8520
8920
8934
8524
9312
9839
9386
10191
8532
9261
9307
8527
9067
10603
9798
8533
8859
8560
8539
8560
8555
9444
9547
8555
8546
8552
8556
8816
8553
8562
8562
8732
9082
10633
9110
9221
8569
9751
8570
8571
8567
9197
9642
10151
8570
8571
9349
9848
8576
10007
8601
8718
8708
8636
9365
8594
8605
8594
8605
9163
9733
8586
10271
8589
8756
8964
8977
9290
10283
8593
10361
9191
10126
10127
8894
9396
8672
10803
8613
8614
8606
8607
10196
8816
9236
8615
8611
8612
9010
8681
10783
8623
9302
10480
9532
8619
8627
9900
10672
9771
10169
9301
8702
10772
8628
8629
9247
10441
8850
10390
10387
8638
8906
9400
8640
8648
8648
8651
8647
8647
9244
8653
8656
8652
8866
9399
8965
8655
8663
8667
8660
8990
9027
9252
10385
8662
8665
8948
9380
8671
8676
8928
8704
9418
8674
9488
10676
8675
10677
8741
10266
8680
8995
8687
9345
8683
8742
9172
8746
10701
8688
9094
9590
9462
8854
9383
8691
9871
8741
8694
8695
9112
9369
9248
9362
8700
10384
9604
10380
8702
10267
10792
8707
8714
10489
8708
9901
9883
9196
8714
9826
8715
9235
8720
9421
10023
10182
9843
8722
9059
9836
8725
9363
8728
10431
9091
9160
8844
8737
9526
9035
10388
8984
8858
8866
8755
8758
8755
9745
9294
8746
9010
8749
9126
8812
9206
10275
8753
9351
9695
9272
9171
8971
8981
8882
9192
9737
9334
8774
8820
8768
9664
9156
9923
8841
8777
8775
8960
9121
8781
9490
8779
9179
8782
9491
8861
8786
8787
10744
8972
8872
8789
8795
8796
8895
9606
10810
9781
8808
9978
8809
8824
8830
9398
8824
8830
8804
8841
10021
10640
8810
9779
9366
8815
8816
8978
8825
10406
9331
9166
8821
9731
8826
10038
8848
8833
8829
9148
8834
8919
10148
10391
8839
8843
8869
10109
8869
8919
10364
8868
8883
10731
8845
9072
9660
8849
9339
9258
8854
9364
8854
9097
8855
9471
8859
9152
9281
10089
10136
8862
9078
8862
8870
8864
8871
8867
9458
10110
9632
10777
8875
8886
8976
9105
9199
9249
9488
9770
8889
8891
10204
8886
9098
9186
8913
8890
10208
9444
9862
8893
9071
8914
9322
9722
8898
9347
8905
9047
8905
8906
9326
8911
9332
10328
8925
9676
8925
10329
8927
9062
9052
8936
8920
9837
8922
8923
8926
10361
8929
8946
9329
8993
8952
9699
8952
9615
8941
9583
8937
8955
9580
8955
9315
8939
8955
9433
8949
8950
8948
9927
8949
9720
8998
8959
9311
9681
10270
8985
9392
8964
8966
8972
8974
9046
8970
9183
9286
9557
9370
10816
8979
8982
10190
8979
9026
8980
8980
10007
10815
8986
10047
8994
9244
9251
9064
10338
10538
8999
9000
9004
9004
9005
9452
9682
9302
9008
9341
9093
9014
10205
9012
9220
9015
9036
9019
9021
9021
9023
9477
9039
9123
9496
9027
9028
9367
9034
9033
9336
9423
9045
9550
10717
9773
9165
9045
10685
9224
10191
9067
9056
9068
9053
9222
9053
9221
9065
9057
10719
9071
9568
9063
10312
10174
9360
10518
10246
9140
9986
9074
10198
9796
9076
9155
9080
9086
9103
9092
9106
9129
10100
10438
9132
9223
10007
9292
9512
9097
9102
9908
9105
9104
9107
10595
9303
10724
9137
9153
9140
9743
9120
9216
9122
10335
9139
10712
9124
10514
9125
10311
9128
9195
9212
10347
10696
9131
10380
10020
9139
9135
9162
9136
9176
9454
10175
9147
10005
10307
9148
9217
9158
9532
9176
9173
9543
9168
10400
9159
9233
9173
10722
9167
9167
9181
10582
9201
9203
9207
9172
9851
9179
9180
9609
9758
10454
9203
9207
9188
9201
9190
9190
9368
10587
9194
10531
9193
9199
10549
9198
9200
9247
9640
9731
9205
10339
10695
9212
9428
9211
9285
9722
9216
9230
9232
9795
9226
9219
9220
9321
9370
9224
9224
9681
9233
9320
10151
9236
9235
10217
9434
9573
9243
9246
9255
9248
9251
9258
9254
9356
9274
9260
9265
10690
9330
10695
9266
10132
9269
9275
10225
9335
9275
9904
9278
10190
9287
9304
9283
10654
9284
9283
9306
9313
9845
9291
10711
9292
9294
9296
9300
9300
9302
10433
9304
9308
9479
9556
9313
9510
9311
9315
9316
10491
9320
9642
9536
9354
9928
9330
9324
9337
9361
9330
9333
9338
9338
9347
9344
10161
10417
10273
9346
9692
9355
9401
9598
9355
9357
9359
9386
9379
9907
9367
9757
9369
9744
9380
9380
9382
9463
9906
10281
10769
9382
9384
9385
9389
9391
9397
9654
9617
9439
10307
9395
9402
9409
9623
9411
9413
9407
9407
9419
9445
10509
9865
9436
10746
9420
9423
9426
9428
9427
10012
9431
9432
9435
9439
9509
9438
10038
9441
9766
9445
9492
9656
9919
10427
9530
9476
9449
9450
9476
9522
9456
9457
10223
9488
9526
9461
10479
9462
10383
9470
10422
9470
10421
9468
9653
9887
9468
10105
9471
9472
9474
9500
10613
10455
9484
9514
9482
9483
10157
10162
10192
9489
9962
9492
9528
9489
9961
9493
9493
9494
9499
9498
9796
9499
9516
9548
10735
9501
9502
9505
9505
9507
9554
9705
9508
10642
9713
10095
9513
9514
9564
9523
9523
10520
9519
10718
9521
9525
9690
9526
10189
9522
9620
10341
9732
10300
10634
9529
10693
9530
9531
9537
9697
9563
9705
9536
9539
9853
9605
10723
10004
9835
9662
10652
9558
9559
9546
9549
9547
9933
9550
9935
10646
10311
9554
10520
10643
9555
9566
9557
10791
10792
10281
9574
9886
9566
9566
10761
9570
9582
10802
9575
9572
10271
9573
9585
10769
9578
10585
10058
9581
9670
9584
9675
9606
10812
9584
10234
9587
9588
9591
9736
9593
9595
9713
10370
9603
10256
9599
9601
10765
9616
10766
9602
9852
10080
10295
9604
9677
10448
10811
9629
9629
9626
9628
9626
9628
10172
9614
10346
9897
10322
9620
9623
10762
9619
9621
9619
9621
9622
9720
10302
9752
10616
10802
9649
9998
9638
10561
9635
10641
9633
9639
9668
10373
10027
9637
9638
10135
10003
10331
9641
9642
9646
9774
9646
10747
9651
10308
10786
9688
10808
9653
9653
9674
9666
10783
9665
9659
9660
9659
9660
9769
9663
10593
10570
10319
9667
10178
9684
10564
10784
10644
9844
9676
9674
9890
9673
9676
9679
10010
10179
10297
9682
10568
9685
9684
10059
9971
9688
9691
9693
10231
10716
9696
9702
9700
10286
9707
10786
9702
9704
9706
9713
10058
9759
9710
9721
10710
10709
9714
9969
9979
9724
9718
9718
9723
9725
10449
9747
9750
9995
10312
9997
10320
10453
9734
9735
9927
9735
9927
9813
10788
10798
9739
9741
9742
9804
9746
9744
9745
9806
10735
10608
10125
10819
9772
9773
9756
10496
10134
9761
10424
10768
10423
9763
9799
10590
9764
10340
10536
9897
9768
9772
9773
9775
9855
9875
10676
9778
10153
10657
9781
9784
9782
9884
9783
10254
10452
9841
9870
9842
9798
9955
9788
9985
9802
10526
9792
10534
9793
10176
10532
9797
10227
10514
9799
10660
9863
9865
9805
9806
9808
9809
10051
10142
9813
10307
10788
9814
9819
9836
9819
9836
9832
9821
10691
10040
9825
10468
9825
10237
9828
10601
9855
9834
10508
10285
9838
10259
9839
9923
9840
9921
10203
9845
9920
9849
9850
9849
9850
10477
9853
10034
10753
9914
9928
9859
10505
9861
9954
9989
9861
10214
10439
9868
10052
9867
9869
10358
10304
10546
10628
9877
9877
9888
9889
9878
9914
9928
9922
10039
9886
9885
10362
9890
9910
9911
10272
9894
10274
10345
9910
9911
9897
9900
10276
9917
9903
9904
10041
9909
9909
10001
9913
9918
10102
10315
9951
9923
10309
9926
9931
9932
10005
10034
9934
10233
9935
9937
9945
10325
9939
9941
9942
10486
10485
10005
9950
9967
10743
9946
10573
9949
10002
9953
10001
9956
9954
10650
9958
9972
10793
9961
9962
9965
9966
10141
9981
10145
10152
9973
9973
9975
10624
10623
9981
9983
9982
10590
10139
9985
10249
9989
10009
10200
10219
10464
10199
9997
9999
10009
10202
10059
10001
10002
10034
10169
10239
10012
10061
10199
10023
10013
10543
10037
10044
10273
10017
10419
10037
10044
10027
10099
10036
10094
10461
10153
10035
10291
10520
10732
10292
10040
10043
10545
10552
10194
10046
10048
10157
10193
10050
10399
10055
10166
10054
10055
10057
10079
10252
10058
10585
10062
10063
10064
10542
10067
10255
10074
10210
10071
10072
10071
10072
10084
10105
10119
10082
10606
10085
10409
10296
10386
10154
10088
10322
10321
10136
10094
10461
10092
10216
10222
10371
10098
10266
10287
10258
10436
10593
10118
10104
10108
10108
10111
10111
10121
10583
10132
10133
10118
10560
10132
10133
10122
10128
10537
10125
10127
10536
10643
10138
10393
10238
10794
10563
10148
10592
10146
10516
10251
10423
10388
10146
10151
10471
10152
10521
10165
10183
10155
10365
10533
10157
10162
10160
10161
10180
10166
10519
10332
10452
10653
10334
10649
10171
10173
10175
10330
10397
10178
10365
10533
10181
10182
10201
10637
10186
10213
10219
10508
10191
10193
10195
10586
10589
10197
10565
10647
10219
10206
10456
10600
10211
10212
10463
10213
10214
10215
10489
10255
10379
10248
10226
10248
10551
10250
10416
10418
10236
10234
10235
10394
10457
10241
10249
10245
10250
10468
10499
10252
10436
10299
10260
10260
10263
10263
10440
10268
10269
10268
10269
10272
10270
10273
10275
10303
10279
10279
10282
10287
10420
10293
10761
10389
10544
10299
10759
10302
10298
10298
10299
10392
10302
10305
10306
10428
10314
10320
10330
10330
10642
10462
10323
10324
10594
10329
10757
10329
10334
10335
10337
10500
10340
10356
10407
10342
10374
10408
10348
10351
10352
10351
10354
10369
10502
10603
10358
10404
10362
10607
10362
10625
10367
10368
10367
10368
10371
10371
10378
10380
10384
10467
10566
10390
10390
10630
10394
10395
10482
10405
10401
10405
10406
10690
10411
10411
10604
10413
10448
10418
10446
10420
10688
10422
10425
10425
10427
10564
10434
10430
10431
10726
10438
10434
10544
10437
10442
10443
10443
10666
10524
10451
10455
10458
10602
10556
10463
10470
10598
10635
10474
10475
10618
10479
10634
10483
10485
10486
10605
10605
10495
10518
10522
10506
10518
10522
10745
10498
10503
10504
10505
10511
10510
10548
10530
10517
10521
10525
10528
10612
10632
10548
10534
10548
10538
10538
10540
10541
10543
10545
10546
10596
10569
10575
10556
10558
10560
10557
10559
10562
10563
10566
10570
10659
10570
10573
10574
10573
10574
10579
10578
10580
10582
10585
10586
10589
10650
10591
10627
10594
10597
10726
10616
10656
10602
10603
10606
10610
10611
10614
10611
10614
10802
10617
10619
10661
10623
10624
10621
10628
10629
10630
10729
10661
10639
10643
10646
10646
10661
10651
10652
10659
10653
10660
10655
10664
10665
10664
10665
10693
10696
10673
10693
10677
10682
10686
10682
10686
10681
10692
10689
10689
10694
10706
10695
10694
10698
10702
10704
10702
10704
10705
10705
10721
10711
10711
10719
10740
10721
10779
10719
10740
10720
10726
10730
10731
10731
10732
10736
10736
10737
10739
10744
10743
10749
10751
10759
10761
10757
10757
10760
10777
10773
10776
10770
10768
10771
10777
10773
10776
10772
10787
10782
10785
10782
10785
10783
10784
10791
10792
10796
10797
10796
10797
10795
10800
10801
10800
10801
10807
10808
10806
10811
10812
10813
10814
10818
10818
10819
10820
)


// ************************************************************************* //
